292
13
-64.571010 -14.603231 -3.217350 -10.888700 0.872061 -7.312366 -2.139936 -5.188346 -1.244849 -5.473391 -0.162849 -1.429686 -0.151291
-60.753231 -8.555726 1.860462 -7.219204 -2.527193 -9.095244 0.248742 -6.521233 0.831423 -6.060039 -0.009324 -1.050530 0.266049
-60.948067 -8.698254 3.753662 -7.363468 0.732754 -4.339414 2.755181 -6.135281 -1.074840 -3.336007 -1.694865 -2.469397 0.241704
-58.667251 -12.107261 -0.472713 -11.265384 0.679022 -4.277859 -2.340768 -5.296758 -1.279240 -3.761289 0.041083 -1.247248 0.197574
-56.002089 -7.717057 0.399268 -9.807038 0.218841 -7.319808 -0.035346 -5.921348 -1.091138 -3.816883 -1.674168 -0.986040 -1.090104
-49.412647 -10.251707 -3.670630 -14.050570 -4.313746 -4.778324 -3.216215 -9.811502 -3.084429 -4.624847 -0.561087 -2.060096 0.439229
-43.583292 -12.351937 -5.083137 -10.056932 0.612292 -1.450394 -0.891384 -4.250121 -1.066001 -2.699226 1.222026 0.439105 1.640715
-23.042991 -14.825545 -3.302413 -4.869447 0.248330 2.058716 -7.996488 -3.170601 -1.240729 -3.752848 -0.126508 0.402849 -0.689445
-32.193479 -17.046577 -2.841274 -7.990764 -1.699028 2.511274 -4.616602 -2.003265 -1.502327 -1.814583 0.179941 0.184024 1.247418
-40.692171 -14.436752 -0.433018 -8.892686 -0.277880 0.889571 -4.175022 -3.379482 -3.036636 -3.733898 -1.349466 -2.078558 -0.387547
-38.833666 -9.506254 3.264306 -7.063608 -0.414634 -1.778214 -5.225918 -0.994583 0.063206 -4.302009 -0.445097 -1.993542 0.060352
-46.246395 -4.440102 5.537136 -5.921686 4.915161 0.243269 -1.224189 -3.150887 0.100937 -4.487657 0.368888 -0.431789 0.832124
-47.899396 -5.089116 2.641997 -8.705277 -0.254704 -2.282447 -0.590263 -4.692325 1.060710 -5.523439 0.418174 -2.322803 -0.027890
-50.878369 -2.880092 9.412319 -4.152106 3.173965 -2.999305 1.346458 -1.379504 1.760801 -1.259376 2.374217 0.746243 0.902255
-41.265642 -2.036171 3.520237 -5.219924 3.298144 -0.601976 2.232793 -4.941358 1.689789 -0.680098 0.027592 -1.945338 1.640692
-45.634052 -3.876385 4.416294 -4.300166 5.962323 1.653545 3.744693 -1.931437 0.986149 -2.352599 1.616244 -1.380870 0.836782
-43.467062 -6.075229 5.204701 -4.116988 2.179671 -1.231940 -0.082124 -3.757567 -0.895802 -3.173277 -0.743747 -3.805742 -1.553893
-33.829082 1.327549 10.400978 -2.870775 6.277895 3.929742 0.628795 -2.419982 0.012635 -1.378210 -0.402979 -1.929502 0.687168
-36.486788 1.619558 10.338561 -0.403859 8.096992 2.870479 2.282673 -2.733914 -0.132825 -1.185739 -0.222137 -2.578390 0.770098
-43.229499 -1.610803 9.751557 -1.775862 6.852783 0.304185 -2.152657 -3.667783 0.339723 -3.041978 0.803951 -1.467244 0.047733
-41.057403 0.396125 6.298261 -5.373001 5.824578 1.479430 1.351688 -3.097970 1.919475 -0.124845 2.820778 -1.234248 2.761503
-40.026333 -1.215374 5.181341 -3.375471 7.080104 -0.190621 1.122844 -3.521485 -2.586973 -2.803772 2.286521 -1.164151 0.790601
-34.644973 1.055396 4.193534 -7.440398 3.609456 2.906338 3.092839 -1.534406 1.130814 -2.244866 2.404800 -2.396766 0.771503
-44.584919 -3.977488 4.761087 -7.383184 0.926727 -0.172846 0.314149 -3.215224 2.005754 -3.640121 0.473015 -1.520472 1.038082
-40.460458 3.701416 11.645599 1.780081 6.837741 -1.011911 0.261376 -4.189936 2.718320 -4.517538 2.251317 0.501362 0.651607
-38.126831 4.486263 10.008759 -0.191781 4.160852 -0.072707 4.380668 -3.751782 2.750963 -3.489190 0.948578 -2.014446 0.880057
-40.730391 -1.592803 5.578172 -4.037343 3.318552 -0.274276 2.454371 -4.260498 -0.977936 -3.610956 0.576361 -2.031304 -0.386896
-41.156996 -1.324507 6.590431 -2.931483 3.676590 -1.065018 -0.976740 -8.113147 -1.830183 -2.629268 1.228984 -1.565342 2.905680
-39.573945 1.596736 10.249633 0.420787 6.953729 -0.474011 0.880123 -1.990241 0.935167 -3.651269 1.702286 -1.805088 0.200291
-36.232430 1.422751 7.297994 -0.475251 9.133770 1.277936 0.663759 -2.569921 0.496118 -2.877712 2.205161 -0.780817 1.439183
-45.466812 -2.069681 8.364764 -2.409635 5.590124 -0.165763 0.554398 -3.405325 -1.022316 -4.172450 1.107825 -2.416650 1.785711
-45.540084 -3.646151 7.285841 -3.148386 0.602119 -2.935589 -2.492952 -7.514722 0.303516 -4.899387 0.704224 -1.555019 -0.040276
-45.462020 2.150042 10.609320 -1.304007 8.606472 0.200051 1.728226 -2.563773 1.966761 -2.768548 -0.736145 -2.684825 0.912881
-37.945015 1.400297 9.642921 -1.118555 4.760520 -0.423904 1.983475 -1.429571 1.979031 -1.696077 1.390435 -2.062262 0.483433
-47.590466 -5.516469 0.971070 -5.834509 4.746592 1.317092 4.580755 -2.276129 3.222983 -1.386734 3.518350 -0.354044 0.465079
-43.189109 -2.547405 1.551530 -8.172173 3.147372 -4.211435 -2.670459 -7.050857 -3.148396 -4.216953 0.245115 -2.823683 0.454232
-36.204999 2.838943 9.427192 1.195495 9.231424 3.664011 2.638275 -4.458065 -0.535510 -3.773719 2.828354 -0.839704 1.180081
-42.212584 4.584922 8.013789 1.714027 9.139770 0.985235 6.481428 -5.347546 1.048546 -3.711600 1.974111 -3.035647 0.439374
-43.831251 -0.478243 5.555578 -2.585331 3.827605 0.141601 3.619053 -5.197790 3.423149 -1.761956 1.789490 -2.498932 1.701559
-48.289076 -3.674193 3.426103 -8.060752 4.362125 -0.944211 1.281850 -3.224128 -1.933999 -5.163251 -0.073744 -3.153218 -1.100648
-41.932106 2.849475 10.013616 3.296265 10.972861 -0.265495 4.178999 -3.320577 1.061877 -1.886456 0.224882 -1.162931 0.429486
-42.663021 -0.256464 6.352759 -2.025327 6.961818 0.154402 1.155908 -4.159057 -0.089342 -4.071875 2.768261 -1.665434 1.101826
-41.173123 2.298377 10.936275 -0.467328 10.114201 3.462244 1.677012 -4.839911 -1.047611 -0.966724 3.444230 1.059982 3.483518
-48.477662 -4.346500 1.950085 -6.197018 4.900269 0.009760 1.860062 -3.585216 1.502029 -3.235066 2.383897 -3.641440 0.515866
-38.393774 2.560568 6.885888 -3.991688 5.563254 2.847409 3.380185 -3.061864 3.593277 -0.787276 3.944567 -0.697589 1.698806
-34.078411 6.760008 7.669260 -3.434578 7.189924 1.963890 3.673837 -3.854850 1.802746 -0.804632 3.056988 -1.093839 2.423113
-37.208806 2.776514 9.483249 -0.314783 9.291935 3.680633 2.966021 -3.378860 -0.262712 -1.997953 2.569301 -1.451870 1.341230
-39.593292 3.288246 11.066716 1.059045 10.257975 3.569673 2.323905 -5.184303 -0.340695 -1.850416 3.612313 1.031174 2.347355
-42.247901 1.735508 12.815176 1.109606 6.056559 0.166308 3.621561 -3.298617 0.510554 -1.154506 -0.194075 -1.976462 0.719025
-36.245771 7.753440 8.343894 -6.220945 5.324913 2.192126 6.370713 -1.752821 3.026348 -0.815998 0.423949 -2.134153 2.492637
-26.536892 11.594639 6.118806 -10.260055 3.416450 1.359383 4.513625 -1.091681 1.825319 -0.429480 3.872021 -1.764275 1.689924
-24.374559 11.789360 7.972740 -5.427017 6.801572 2.288728 5.443638 -1.066607 0.224023 -1.573597 2.478408 -1.641979 0.199890
-36.847583 4.147934 8.073562 -1.456732 5.770457 0.487645 3.569846 -2.519113 3.807907 -0.403215 3.637498 -1.698543 2.014826
-41.185076 1.933938 6.557371 -3.426728 5.811495 -1.587762 2.132797 -2.226150 2.361789 -0.736514 2.694687 -3.282565 -0.072158
-33.667979 9.063649 8.919978 -4.824791 6.703359 0.699964 4.332524 -1.779128 1.684750 -1.959511 1.593641 -1.618845 0.473887
-16.543103 18.071825 7.877169 -7.657911 6.343165 2.144103 2.881394 -1.734616 4.271905 -2.074268 1.306352 -0.778471 1.690775
-21.296128 17.717519 7.769275 -7.106328 9.717426 4.104179 4.236850 -2.794686 2.830695 -1.888670 2.109104 -1.567179 1.563446
-32.745141 5.697612 2.441904 -8.049965 6.290445 0.555150 2.588496 -5.429060 -0.564020 -1.810328 1.420252 -1.289366 1.220114
-39.839610 5.783144 3.439231 -11.360572 5.263069 -0.140648 1.368222 -5.741298 0.090897 -3.068467 -0.139547 -2.589206 0.365976
-39.640614 4.276572 10.677230 0.860907 9.525365 0.793365 3.892852 -2.054248 1.965138 -2.586616 -1.336215 -2.624104 -0.218039
-33.716919 7.085044 3.194186 -11.070282 1.966170 -4.412770 -1.055276 -5.414673 -0.887798 -3.600071 0.423590 -4.157525 -0.394873
-22.151548 14.459917 6.387410 -9.148820 6.992046 2.992897 3.469696 -2.494971 1.500078 -1.111564 1.772524 -1.969784 1.874007
-25.219993 12.609525 8.167944 -2.811107 10.143880 1.735333 2.829925 -1.249123 2.791459 -1.426644 2.930359 -1.817160 2.866154
-32.142147 5.564181 4.807180 -4.296983 6.671520 0.956093 4.108934 -3.633856 2.082383 -1.902504 -1.376576 -2.910726 0.233745
-38.278470 1.154776 2.821845 -6.386427 5.079851 1.128795 3.901656 -1.212723 7.284501 1.933072 2.411919 0.042277 1.624607
-42.664076 -5.513051 -0.296268 -9.745335 -0.489725 -3.393645 -1.876627 -6.504697 -2.118220 -5.554066 -1.742763 -5.017562 -1.608061
-18.994986 14.701365 6.645026 -6.886974 7.282812 2.175993 3.450919 -0.145398 3.791477 -1.781137 0.826075 -1.420082 2.063390
-18.203419 14.165224 4.364553 -6.573966 9.841609 3.864347 4.776737 -1.605148 1.610031 -1.636957 0.747988 -2.230399 1.086410
-31.056326 11.117318 3.251866 -8.774223 7.840109 1.384141 3.983738 -3.937052 3.934037 -0.392692 2.685616 -1.166300 1.316754
-31.695406 5.985073 3.080794 -8.142289 6.940250 1.613846 1.981616 -4.220134 1.702524 -0.309315 1.505963 -0.891113 1.888892
-36.759611 7.058753 6.234445 -7.239132 4.419533 -1.899618 3.176950 -2.976973 1.641110 -1.444561 1.996440 -1.843251 -0.135055
-34.289559 7.258764 2.977507 -8.867479 2.747764 -2.868136 2.306581 -6.192150 1.782227 -2.925006 -0.874929 -2.120440 -0.221117
-15.627156 16.288955 5.199709 -8.422666 7.403500 4.907946 3.853136 -2.224537 3.522662 -2.221313 1.176752 -2.430154 1.261066
-20.453241 15.284461 7.600206 -6.120750 10.857969 4.218504 1.295681 -1.889208 3.762892 -1.007170 1.747366 -2.197244 1.502443
-29.797075 11.456440 4.873640 -9.779247 8.323279 0.940367 0.960139 -4.181184 1.511182 -1.373998 1.044489 -1.236368 1.204006
-31.288850 5.732966 2.133579 -10.613102 1.252247 -2.513559 -1.348762 -6.682735 2.063866 -2.501810 -0.421586 -2.150140 0.341177
-42.053290 -0.525839 -0.890960 -10.737243 6.209816 -0.051150 -1.545075 -4.540999 2.746318 -2.397467 2.844265 -0.549421 1.000074
-21.944942 14.430067 6.446175 -8.394073 7.406744 2.060372 2.567871 -1.568026 3.811457 0.599839 2.791077 -0.469043 3.127099
-20.316808 12.391674 4.727812 -6.230532 6.452754 3.249579 6.571229 -1.223526 1.531260 -2.652192 0.805505 -3.409616 0.583951
-27.909485 12.242519 5.984365 -7.052637 6.130936 -0.159376 4.004008 -1.409841 4.427066 -0.795777 2.322202 -1.089507 2.012211
-30.983290 8.495796 4.002397 -6.437582 6.013587 0.560927 4.331257 -3.562706 1.259067 -2.778895 3.805260 -0.487004 0.663384
-39.728815 4.338875 4.501867 -7.791947 2.006827 -5.007864 1.596485 -5.901387 -0.101141 -3.099068 0.869398 0.301252 -0.917826
-39.136096 3.419773 1.898253 -8.927284 2.195003 -4.797555 2.662430 -3.878073 -0.861328 -5.450168 -1.415998 -3.093585 0.286220
-18.921974 13.307214 7.100845 -2.129686 11.775348 4.551655 2.070157 -6.030468 1.068189 -0.743432 1.691912 1.473677 2.959370
-22.938614 13.981222 5.225410 -3.565868 12.650665 6.612886 6.313118 -4.000505 4.385805 -2.370923 -1.721556 -3.435799 -0.014163
-28.711840 9.241449 1.232164 -10.136644 5.538545 -0.313967 3.729175 -4.198992 1.071515 -2.273182 0.486220 -1.215210 -0.090640
-41.047159 4.914127 6.428019 -8.224803 5.191067 -0.170126 3.320947 -3.335172 0.855960 -2.470166 0.389036 -0.920977 0.364308
-43.632760 2.569241 7.528934 -3.420678 5.491966 -2.574666 2.328793 -6.494707 0.909945 0.083832 -0.401275 -1.501770 1.091551
-23.717020 14.696381 5.076471 -7.487410 6.907248 0.360650 3.798490 -2.868402 3.866544 -0.483997 2.768748 -1.496615 1.592996
-24.431871 9.208412 0.298969 -10.774156 6.338339 2.311152 1.307729 -4.881359 2.189746 -1.515930 0.746178 -2.339563 2.438667
-21.132958 11.229957 3.495461 -4.732437 9.090929 2.922102 3.895086 -2.697295 3.909249 0.079111 2.571390 -0.728012 2.296751
-29.484518 12.161919 2.791275 -5.390070 9.891870 0.369693 5.092328 -6.102993 3.262615 -0.512598 -0.385003 -2.571030 1.509237
-37.098048 4.123902 -0.775181 -11.103312 4.712884 -1.485056 -0.170952 -6.022100 1.615327 -4.225619 1.608202 -1.111928 0.293238
-43.455826 4.150553 5.207814 -5.909832 5.217521 -5.588089 1.067455 -4.461457 0.261030 -4.057440 0.303014 -0.700449 -0.160143
-12.380823 19.009888 5.161061 -5.416090 7.024034 -1.219540 4.927034 -0.593349 2.836007 -1.798267 2.519939 -0.877576 1.091827
-12.405378 17.824553 5.337582 -1.957791 7.715277 -2.276764 5.031460 -0.116998 2.018337 -2.790207 4.514767 -0.933518 0.561530
-19.342096 12.348751 5.973652 -1.117953 6.673153 -4.249660 1.742481 -1.482152 2.782517 -1.713884 2.558661 -0.993657 -1.088068
-18.703340 15.350397 5.552367 -4.210004 7.778756 -2.892787 1.995063 -2.635354 2.807740 -1.121813 1.638463 -0.394399 -0.318221
-26.821383 11.343263 6.519445 -5.770545 4.457805 -3.777687 1.707406 -2.396148 2.760389 -1.674729 1.187903 -0.999055 0.131796
-11.561367 18.366557 4.254761 -4.353380 7.060427 -2.067281 3.431233 -0.659515 3.733171 -1.940787 4.489236 -0.283682 1.415538
-5.267034 16.916530 3.985288 0.353451 9.090647 -1.162403 2.419986 0.579359 4.517867 -1.847849 3.918035 -2.866321 -0.381550
-15.041030 15.453088 5.337181 -1.843494 8.277458 -0.686657 3.534749 -1.726640 3.374910 -2.605546 1.980343 -1.981025 -0.285522
-20.467642 15.403523 8.919802 -1.713247 9.042655 -1.735565 3.222882 -1.280445 1.580770 -2.320035 1.621884 0.495035 1.103658
-22.285984 14.487752 6.762775 -1.207357 11.580777 0.185567 1.535066 -4.643650 2.483402 -1.080380 2.881468 -1.506909 1.699553
-16.117861 15.768268 2.392281 -2.058596 11.306041 -2.050128 2.736107 -1.937389 2.964892 -2.522223 2.845062 -2.600365 -0.446993
-5.282263 18.925340 2.313084 -1.874554 10.653539 -3.556871 1.291064 -0.571260 4.245553 -1.468919 1.897434 -0.061036 -0.478180
-13.834675 16.877401 2.812442 -9.805878 7.913680 -4.026158 -0.171787 1.848825 1.797077 -1.098009 3.201612 -0.361335 0.442241
-9.192027 19.236895 2.168263 -6.312381 9.279452 -1.542575 1.878563 -1.110465 4.267920 -1.703418 2.642112 0.140414 -0.520346
-9.983962 19.069653 3.471335 -3.233511 11.182646 -2.508119 2.679361 -0.511184 3.296985 -0.557559 2.691546 -0.762990 -0.420522
-13.592743 17.524323 7.220516 -2.822837 7.083786 -0.575593 3.846894 -2.085559 4.166362 0.009301 2.202077 -1.406723 0.450947
-2.397088 23.007255 4.771128 -2.270020 10.958224 0.003066 4.577902 1.634005 4.327733 -2.851677 2.669395 -2.027863 0.198600
-7.720554 20.656073 7.912375 0.893257 9.645527 -4.642222 0.896044 1.246425 7.726598 -0.365275 2.714165 0.352140 -1.028526
-9.774102 17.219919 1.823220 -5.520858 6.160297 -1.734842 1.917796 -3.021175 5.918051 -0.538609 2.866026 0.033726 0.890939
-12.986769 17.400403 4.333446 -5.253799 9.896199 -1.667119 -0.596644 -2.651893 3.603989 0.172224 2.068886 -1.880110 0.411248
-16.290541 13.683119 4.238299 -2.560633 13.401081 2.100698 1.832518 -0.858202 1.654670 -2.550116 1.837942 -1.280948 0.480498
-7.771595 19.117512 5.513831 -2.529934 9.407545 -1.099884 2.575125 -0.430291 3.774256 -0.146063 4.003868 0.526525 1.585399
1.761148 22.393176 5.988296 -0.943071 10.826382 0.469896 1.629925 0.428867 4.118339 -2.758900 3.083252 1.127829 0.605842
-2.316522 20.200111 5.759241 -0.999837 9.245532 -0.839974 0.636082 -1.367959 4.892255 -0.951637 3.000851 -0.720198 -0.286504
-15.245794 15.591363 4.277099 -3.296803 10.571211 0.937648 2.574159 -1.762183 3.784253 -2.305647 1.967975 -1.472767 -0.749134
-16.217498 15.342402 3.437355 -7.766091 4.286992 -4.636784 -0.805428 -3.218785 1.342041 -3.600366 2.413586 -1.173476 0.204385
-20.633475 15.136056 1.981518 -9.693822 5.253783 -5.042030 -1.175372 -3.355165 3.609443 -1.426570 2.530312 -1.861595 1.260010
-16.429813 17.935982 4.560935 -7.993678 9.101572 -0.020180 2.510569 -0.333295 4.187955 -2.486570 1.103312 0.713688 1.548080
-9.960708 19.539297 6.302997 -4.682948 6.058863 -2.515253 1.969910 -1.866042 5.089071 0.771032 3.075298 -0.416137 0.076482
-12.544453 21.921954 9.886522 -1.057004 8.515348 -2.405778 3.508433 -0.918946 3.454370 -2.933540 3.250474 -0.049347 1.670881
-11.022468 20.522652 7.409725 -4.547451 9.098060 -1.536718 1.123464 -1.716494 4.248714 -0.192721 1.839617 -0.103539 -0.349418
-16.403477 13.034841 2.598934 -2.503095 9.895910 -0.667696 1.982479 -2.471754 4.453995 0.001209 3.898007 1.023531 1.459424
-9.568268 25.474274 9.526899 -2.209012 9.393451 -2.635206 3.978807 -1.473143 5.043664 -1.615626 1.783384 0.261540 1.079499
-11.494291 21.613925 4.962007 -4.563950 7.122542 -3.673888 1.014024 -3.851213 5.142273 -2.751458 2.927384 -0.831664 0.317785
-15.065530 16.530086 4.615848 -4.625829 8.778465 0.969394 2.681709 -3.686761 4.717370 -1.036276 1.792011 0.954430 1.159578
-16.968668 17.921519 10.043129 -1.733825 8.685962 2.226399 5.752033 -2.158069 3.812552 -1.798178 0.512124 -1.255367 -1.460102
-17.626722 15.975447 9.275528 -0.370011 7.166807 -1.195381 3.537047 -1.239923 3.756609 -3.462040 2.334452 0.648898 0.875673
-5.992760 21.275991 7.792567 -1.930165 8.274170 -0.984630 2.248593 0.527392 6.342607 -1.207742 3.224259 0.062677 -0.135680
-8.965034 22.549881 9.340209 -0.321612 9.931647 -1.287445 4.887482 0.650388 3.464863 -3.492165 2.490078 0.876395 1.272866
-10.291990 18.455781 4.301940 -4.960847 9.492003 -1.633601 0.716436 -1.356952 2.581226 -1.959414 2.837413 -0.174832 0.345559
-12.287789 19.521785 6.566855 -1.854938 10.163523 -3.472176 -0.564243 -2.617910 4.595690 -0.993621 2.839586 -0.940211 -0.514243
-24.200730 16.013403 9.496052 -2.467655 7.461709 -4.328019 0.963913 -2.065653 6.542605 1.424722 2.703380 -0.729403 0.180061
-17.731421 16.045421 6.797413 -3.636768 6.587255 -0.869437 5.003978 0.840187 6.626945 -0.353283 2.171294 -1.040463 0.908503
-3.863824 24.383084 8.086527 -2.450044 9.924216 0.911547 2.852972 -2.412522 4.569518 -1.662083 2.693743 0.826036 0.801163
-12.374532 16.622590 6.432796 -1.362915 7.652580 -2.711181 1.769995 -1.428785 5.067328 1.174865 4.405591 -0.007516 -0.064605
-16.428508 21.008109 11.699820 -2.401556 8.635186 -3.422802 -0.018883 -0.012448 4.121911 -2.555114 3.183620 -0.928664 1.050613
-15.247830 18.090809 7.182824 -4.563002 7.984732 -2.393517 -0.667016 -4.548453 3.054578 -0.482010 1.259539 -0.967088 1.228603
-19.105108 15.574121 7.141465 -4.455260 6.824445 -3.034145 0.316995 -2.941123 3.056870 -2.125693 0.534202 -0.999100 0.274994
-14.625632 16.546454 3.555630 -7.571965 3.883430 -2.821977 -0.535043 -4.544283 3.078219 -4.978494 1.522052 -0.339579 1.237672
-13.320969 20.218450 10.835257 -1.041566 10.481601 1.188968 0.007777 -4.879443 3.893360 -0.836189 2.633312 0.297891 1.912084
-15.629963 16.880927 7.759800 -3.043035 7.592230 -1.530991 3.133192 -0.818796 3.930938 -0.249453 3.032035 0.669653 0.486164
-20.098663 19.593869 12.934117 -1.330654 8.317004 -1.143937 3.010026 -2.136958 2.349590 -2.225508 3.122818 0.072752 2.182539
-19.036415 14.214521 6.127711 -3.978959 6.101787 -1.666901 0.317844 -6.324792 2.136789 -1.416918 1.693662 -0.183824 1.953311
-9.000170 24.545144 11.552249 -3.145717 6.997908 0.617559 4.118579 -2.146447 4.370712 -1.437519 2.182650 -0.995501 2.912315
-18.824364 17.898858 8.597183 -5.045877 4.054516 -3.789047 0.878180 -4.974654 2.513730 -2.001904 2.467179 -1.105605 -0.390855
-19.035009 16.489413 7.396291 -2.621552 8.663349 1.930454 4.468200 -3.926188 4.714056 -1.986652 0.496774 -0.808140 2.099906
-18.181199 19.192575 11.290229 -2.499662 6.546499 0.143156 5.774479 -3.887819 2.543106 0.012744 1.355451 -0.636895 1.600189
-22.715597 15.944559 8.474353 -0.939392 10.894751 0.980366 4.212687 -3.765605 3.486380 -1.354970 1.242101 -1.829806 0.836455
-14.024031 21.662703 11.400077 -4.110653 4.835216 -0.502179 6.357200 -0.796819 4.744046 -0.437119 2.165131 0.774093 1.181211
-8.922846 23.413063 9.773710 0.307375 11.740958 0.335768 1.583425 -2.804605 4.359317 -1.246426 4.575981 -1.698798 2.089533
-16.882057 19.046704 11.548736 -3.795818 4.618144 -1.289811 3.224505 -4.357689 1.314761 -1.169082 1.624510 0.089988 2.388889
-17.852786 13.655177 4.323177 -5.354108 3.657471 -3.166587 -0.052529 -6.910455 2.215391 -2.017875 1.127519 -0.749698 0.954557
-18.601490 19.851953 9.833574 -4.193066 9.751920 0.398517 0.047292 -3.022485 4.874144 -3.517344 2.981403 0.967755 -0.299497
-14.995396 18.347892 10.106864 -3.038767 5.737748 -1.447852 3.855705 -0.753954 2.955597 -2.187016 2.377063 1.740298 2.302134
-9.642003 24.404503 11.263301 -2.250425 11.359621 1.099037 1.968751 -2.849012 3.823268 -0.362722 2.737531 0.190091 1.865531
-18.997970 16.678558 9.624559 -1.590384 9.356384 3.320926 7.134535 -2.073300 2.073332 -2.539804 0.142237 -2.002774 0.576295
-20.499259 13.811212 5.471414 -6.508652 5.808183 -1.485198 1.548293 -3.661550 1.166823 -3.015873 1.039825 -0.658708 0.158643
-26.773949 10.886349 6.030899 -2.668813 5.997142 -4.499167 -0.409750 -4.987987 2.897107 -2.789503 2.399742 -0.663640 -1.019184
-22.420733 17.768007 9.424158 -7.368521 6.148882 -2.397261 2.274155 0.317968 3.047354 -1.864553 2.211794 -0.727272 2.854101
-18.027587 16.793613 6.798907 -4.373281 8.340264 2.218021 3.522152 -3.611925 4.340660 -0.592185 4.277272 0.783952 2.765664
-11.358705 22.129947 10.785503 0.321036 10.100083 0.383194 3.312092 -3.637184 2.995580 -2.270404 3.649234 1.162628 1.531307
-18.066298 17.982245 7.687234 -4.699747 5.774635 -1.002705 3.275793 -3.087073 4.795485 -1.188314 3.098773 0.145615 2.059466
-25.568852 13.047420 9.882807 -1.659162 11.603923 -0.004761 -1.524906 -3.417283 2.154355 -1.891674 3.117867 0.751213 1.307819
-25.289960 12.468566 7.630610 -3.945149 5.362091 -0.615133 2.569565 -3.995981 3.096818 -2.468087 2.213460 -0.102534 3.169603
-16.305084 22.307269 11.318206 -4.470824 6.283223 -0.024416 3.891390 -4.100733 3.476232 -2.527506 2.586066 0.955635 0.616047
-15.735471 20.543093 10.050636 -3.282520 10.188520 -0.126854 2.068308 -3.938509 2.867596 -0.440824 0.998978 0.767889 1.187926
-15.192408 19.729675 10.747945 -0.610932 8.883514 1.071344 3.991247 -2.509630 3.883091 -2.935135 2.523269 0.133049 0.882937
-22.823495 13.351379 6.463602 -1.352304 9.097144 -0.841085 4.107698 -1.745891 3.498464 -1.979276 3.209273 0.618918 2.063940
-21.877912 15.291609 10.928347 -0.937443 6.443455 -1.087668 3.870729 -1.664775 3.074180 -2.620199 1.832737 -0.793056 1.877504
-11.931532 22.433185 10.635468 -3.203217 7.862189 0.055240 5.744729 -1.507185 2.817090 -1.375667 1.723522 0.714833 0.154427
-19.435807 16.255016 9.101598 1.698584 11.850153 -0.150431 1.229340 -4.629645 4.112927 -0.666954 2.778441 -0.884547 1.289252
-12.168858 21.027697 11.280030 -0.525234 6.628317 -2.205359 4.659456 -0.757870 2.549229 -3.063757 3.185799 0.878121 0.412365
-20.864101 15.856168 10.154756 -1.671409 7.701883 0.625436 4.361622 -0.492585 3.147920 -3.687717 2.790429 -0.683660 1.648596
-25.461718 11.927528 11.655653 -0.171790 6.297194 -1.431926 4.395476 -0.915015 2.838964 -0.583124 0.710860 -0.945216 0.669342
-11.828272 20.737112 9.182866 -3.727892 9.217436 0.929967 4.074851 0.510001 4.168355 -2.047788 1.650193 -0.058787 0.592638
-13.216341 22.794093 10.780617 -0.393849 12.011451 -0.763274 2.719439 -0.828851 3.785275 -2.801758 3.293668 0.620495 0.661618
-24.295664 11.634912 3.582284 -7.401111 3.653584 -5.774141 1.495456 -2.641766 0.346665 -4.113758 0.553500 -0.492868 0.152308
-13.672767 16.759482 10.441124 -1.104878 5.917789 0.806779 4.206104 -1.543941 3.399046 -2.639114 1.200084 0.124201 0.013167
-27.302868 11.698249 10.198124 -1.818331 7.456172 -0.629426 2.625269 -1.690498 3.188216 -0.905111 2.431547 -0.982165 1.055627
-19.206234 16.236928 8.433969 -4.329158 7.017744 0.367784 4.832747 0.002477 3.610971 -0.724453 5.135112 1.823023 1.538073
-15.033111 23.540489 13.277782 -1.758263 8.060026 0.577334 5.844856 -2.542388 3.190525 -1.781221 2.554771 0.448215 1.560242
-14.644314 19.848900 10.683576 -0.166598 11.219618 -0.046076 2.281350 -3.033902 2.956725 -0.768248 2.270195 0.589778 0.871585
-20.445056 17.661764 8.288662 -5.691267 5.717362 -1.429041 1.921838 -4.454896 3.109485 -2.851173 0.982355 -0.287566 2.045106
-28.129171 14.642703 11.363655 -1.141169 10.259108 0.692738 1.490477 -5.191694 0.594660 -3.687764 4.348843 1.790036 2.177681
-22.615230 16.277383 6.956719 -6.426811 6.337309 -2.480815 1.768272 -3.108798 2.456275 -3.097410 1.722454 -0.851495 0.125127
-14.576814 17.412808 6.746153 -1.299816 8.751335 0.299759 5.484867 -0.806681 3.459628 -3.919301 2.029797 -0.191655 0.944304
-13.739604 20.699190 10.277196 1.193893 12.444807 0.466847 2.065285 -4.375952 3.047516 -1.156763 3.227803 0.745339 1.974782
-21.572953 15.682575 8.730006 0.443653 10.081685 1.672138 7.565151 -0.547735 3.685316 -5.117402 -0.639879 -2.063121 -0.181372
-25.580767 14.180399 8.422366 -2.680668 10.602367 -0.383181 -0.022660 -7.680379 0.406424 -1.119717 1.888695 1.585216 3.006014
-29.404497 8.465870 3.563116 -6.811852 5.704614 -3.334113 0.985775 -4.051158 1.917679 -1.432732 -0.265216 -1.201564 0.908782
-16.884666 18.512344 8.983120 -2.962216 5.767102 -1.636250 3.549262 -2.272791 2.968598 -4.723301 3.078995 0.960050 -0.269488
-14.978251 19.810509 5.861587 -2.724610 11.341816 0.183125 3.548822 -3.012179 3.816198 -3.015780 1.783861 -0.319833 0.764713
-17.284716 20.981198 13.269012 0.329263 9.354310 -1.182319 3.666504 -1.361961 3.546299 -2.383654 2.473096 0.496469 0.922172
-21.212284 16.772515 7.534196 -2.752084 11.376624 0.882360 3.824367 -3.067758 2.926647 -1.704516 1.231132 -0.497751 0.940025
-24.774811 13.260104 7.273103 -4.221062 5.745488 -4.412191 0.000652 -4.327207 1.427258 -3.345645 1.247560 0.177072 1.561537
-15.293678 20.301988 9.537212 -3.406556 8.413126 1.061418 3.189649 -3.824400 3.138637 -2.084933 2.899574 0.267221 1.161173
-14.937700 18.573538 3.408559 -5.314477 9.811933 -0.779872 2.989054 -2.831109 4.101015 -2.600740 1.591666 -0.170558 0.334057
-17.034861 18.603847 12.801569 0.472370 7.948442 -1.112874 3.540539 -1.743475 2.501527 -2.608098 2.469010 1.620780 0.969573
-18.408598 19.779853 10.231818 0.119088 12.150477 0.507220 2.364500 -4.849122 4.380458 -0.057242 2.019020 -1.197638 1.431399
-21.628488 13.532881 8.194325 -1.720180 8.724791 0.088644 4.036907 -1.497442 2.435823 -1.876084 2.119256 0.425487 0.924913
-10.069235 19.199310 5.311411 -4.657849 7.477868 1.756588 4.460057 -1.661970 4.179758 -3.240475 3.140401 -0.169407 -0.571642
-17.330416 19.177408 9.786222 -3.314395 11.289095 4.186624 0.896732 -5.592168 5.634759 0.416120 0.903532 -2.365321 2.306046
-21.313510 10.777041 1.961553 -7.575308 3.785089 -3.590502 1.309103 -3.198530 2.081674 -2.902007 0.560567 -0.628919 0.662324
-14.612375 17.251728 7.621587 -0.721830 10.516416 1.405793 3.400132 -3.994749 3.081172 -1.011471 1.279939 -0.587935 1.603115
-22.118184 16.477320 12.622207 1.949838 9.528375 -2.290308 3.177010 -1.856532 2.751754 -1.332366 2.028380 -0.256320 0.746885
-14.068315 18.494484 6.173891 -5.293817 9.231126 0.768629 3.823226 0.140771 3.623396 -2.389580 2.667461 0.164124 0.535128
-13.676912 17.847286 6.129108 -2.294704 11.732501 2.133076 3.395680 -1.773853 3.908554 -2.025377 1.371420 -1.764965 0.312461
-15.133387 17.234305 7.782241 -1.007747 8.503232 -2.614248 3.854722 -1.144827 1.992487 -1.825092 2.150459 -0.208276 0.492493
-21.436942 12.074845 2.339456 -6.713235 6.523226 -1.504840 1.767878 -3.700685 2.717430 -2.946008 0.201708 -1.296559 0.584692
-24.182652 12.919044 10.917284 0.559756 10.985927 0.447995 1.486965 -4.553721 -0.111274 -1.312393 2.911516 1.646529 1.351252
-20.390881 15.519203 7.064401 -2.894514 9.836714 -0.118360 4.192851 -2.027174 2.557882 -0.724905 1.536029 -1.822667 -0.206496
-24.194193 15.264778 4.668929 -3.119651 13.121302 -0.308881 3.767634 -3.484261 2.520125 -0.896067 1.137253 -1.912648 0.731956
-21.017638 14.872679 8.368544 -1.599372 9.622638 0.639822 2.662574 -3.554749 2.993794 -2.059736 1.503501 -0.356596 0.264047
-26.802254 14.028869 8.575825 -0.850439 11.517826 0.125335 2.396316 -3.315321 2.458028 -2.921276 2.772353 -1.330212 0.523173
-32.794329 7.114776 5.316286 -4.077991 6.129246 -2.043448 4.071365 -3.229185 2.044068 -0.937567 0.977429 -0.881884 0.274127
-32.650983 10.576818 8.485101 -2.168840 6.543584 -3.632942 1.501435 -4.234433 3.453942 -2.478960 0.969265 -1.630783 -0.041608
-20.413209 12.483180 2.990596 -6.440902 6.605458 -1.525949 1.572914 -3.564601 2.408206 -1.758131 1.437470 -0.935708 0.897784
-35.413462 6.379780 4.414695 -7.745827 5.554264 2.264833 2.510847 -4.293215 4.115575 -4.301827 -0.270061 -2.208313 -0.324733
-22.444840 15.057206 7.595787 -4.655566 7.830046 0.029927 1.259085 -3.583084 3.052229 -1.694599 2.554118 -2.208117 2.150615
-27.914040 11.138184 7.096038 -3.585568 7.373381 0.426504 4.863917 -3.729768 2.674375 -0.938568 0.378255 -1.179038 0.896971
-34.590357 10.149602 9.507858 -3.931140 7.120731 0.005725 4.752720 -2.963625 2.992825 -1.936609 -1.284963 -2.096842 -0.048343
-36.460210 8.488587 10.274965 -2.846509 6.122832 -1.594896 2.578755 -3.021519 1.714584 -3.683811 1.133131 -0.939191 0.318709
-44.842079 2.181823 3.927297 -8.040727 5.186337 -0.031848 1.712954 -5.555256 1.087350 -5.946106 0.614858 -1.198984 -1.782385
-39.341720 5.124713 4.598233 -9.881657 -1.070827 -4.346456 4.928972 -4.928520 -0.954593 -2.243244 1.831505 -1.622503 -0.583893
-41.195010 3.769145 4.519168 -6.519559 2.585082 -3.946002 2.793613 -3.303307 1.389474 -4.645827 1.709353 -1.513929 1.000691
-38.272402 3.801639 4.613212 -5.365303 4.062517 -4.596080 -1.754660 -7.192412 1.664783 -1.745975 0.163556 -3.006252 0.365247
-34.613864 5.377625 5.004417 -3.940627 3.623178 -0.923910 4.866637 -3.884183 4.682155 -0.445900 1.306674 -1.772297 1.330499
-21.812846 15.036705 7.757111 -5.099587 6.653266 1.263980 2.570569 -4.166474 4.296211 -1.354511 1.191967 -1.263876 1.663656
-31.455306 12.115810 11.162000 -2.354347 7.178575 -1.501220 3.428746 -0.382913 2.600690 -3.690302 1.621522 -1.724424 1.028290
-35.781655 8.468511 5.053686 -4.534090 7.757895 -2.129594 3.278413 -4.229196 2.319272 -2.142497 -0.392436 -4.263313 0.636562
-38.397205 9.946503 9.208948 -2.017884 9.604330 -1.853728 3.141834 -4.041525 3.622717 -0.351205 -0.722757 -5.029446 0.120046
-31.719436 10.795156 10.420947 -0.463332 8.895371 1.071074 1.848957 -4.620061 2.851608 -2.286846 2.739012 -3.037459 1.670588
-34.643357 10.714826 13.880003 -0.210061 3.998088 -0.847451 7.390961 -2.611591 0.534994 -2.771972 2.308402 -1.687058 -0.254804
-37.057799 6.976275 11.290403 0.307054 9.696470 1.907260 2.430778 -3.696204 3.357251 -2.491325 -0.644362 -3.117412 -0.746914
-36.522638 10.894341 13.048893 -1.275708 5.369394 -1.275291 3.306638 -4.224969 1.584446 -3.447387 3.580248 -1.434660 0.149439
-38.739937 8.646781 9.515262 -4.553381 6.151894 -3.371926 2.457793 -3.690525 0.624750 -1.260436 0.820492 -2.226098 1.525544
-42.681719 7.588855 9.184833 -3.455941 6.702145 -5.466052 -1.302004 -3.094883 3.676649 -3.925976 1.539578 -3.164056 -0.014787
-41.073275 0.774070 5.011984 -4.616276 1.254729 -3.944729 1.941318 -4.548525 0.809727 -4.948433 0.121061 -1.680828 0.753604
-45.984143 0.903845 3.023113 -7.295711 1.568607 -2.740624 3.495437 -6.613634 3.539669 -1.403539 -0.345102 -2.994219 1.898178
-42.498377 4.930588 12.722669 0.569719 6.191970 -0.154324 1.772568 -6.753506 1.510501 -2.127680 1.231840 -1.240703 2.721652
-36.347680 8.573001 12.142233 0.355162 6.864135 -2.444627 0.883031 -5.073290 1.385963 -2.558790 2.970719 -0.007929 0.666098
-40.920725 3.273431 7.849172 -3.155358 6.014618 -0.554582 1.051561 -4.863669 2.709920 -1.286237 2.193267 -1.107055 1.362970
-41.015782 0.961402 7.005993 -3.878949 4.537088 -0.338775 2.809667 -3.823247 1.231581 -0.154750 3.872454 1.120600 1.840919
-38.326233 7.067403 12.232787 -1.092631 4.416323 -1.892704 2.585722 -4.449410 1.807336 -1.364646 1.591653 -2.391573 1.064850
-43.163173 5.411098 13.227829 -1.743856 2.542720 -3.665996 2.841842 -4.230094 1.619228 -2.633168 -0.048313 0.085405 1.431536
-44.973635 5.177287 13.288017 -0.289483 4.090044 -5.307483 3.233057 -3.400461 0.041176 -2.609707 1.505259 -0.621308 -1.072518
-38.571544 6.489512 11.154931 -2.268432 4.879704 -3.168150 2.457727 -3.079601 -0.558865 -2.130514 1.936409 -1.674817 1.710453
-46.560421 3.473826 10.543664 -4.015785 0.877992 -7.195827 0.956996 -4.621306 0.009000 -2.322615 1.650988 -2.163196 0.569888
-42.196536 7.935823 9.695692 -3.057408 4.397836 -3.197504 6.332524 -3.532075 1.574520 -2.994084 0.668260 -2.122318 0.539952
-38.514784 8.762790 12.692926 -3.106598 4.947516 -2.512271 2.666793 -4.210131 0.757423 -0.399371 0.817253 -1.866646 1.151310
-56.293957 -10.156800 -0.867203 -8.770076 -1.497131 -9.779913 -3.277700 -9.083215 -3.787926 -3.880168 0.682056 -2.111044 0.121387
-38.406023 8.078474 7.646696 -3.528231 8.199553 -2.891739 1.676360 -5.677837 -0.562971 -2.036791 2.208292 -0.765918 2.040479
-48.490253 0.077549 2.694526 -6.737473 -0.290088 -8.087333 0.472950 -6.331916 0.746676 -6.385688 1.597578 -1.895561 0.353598
-41.088055 1.069233 4.016486 -6.782150 3.682331 -3.120172 -0.484683 -7.497181 -0.149285 -2.470077 -1.065240 -0.513851 0.985469
-44.462486 4.301381 11.226669 -3.723027 2.109842 -4.042583 4.750261 -2.236694 -0.270336 -3.029764 1.145316 -1.330571 -0.773570
-38.639136 4.384002 8.336583 -3.208313 3.641711 -4.381244 1.347479 -3.950617 1.252691 -2.396171 -0.013234 -1.284038 -0.074124
-39.111680 4.632811 9.646235 -1.503802 5.200995 -1.458206 1.235198 -5.760834 2.095942 -2.419978 1.038793 -0.739347 -0.229973
-43.389054 3.386518 8.529393 1.350611 9.268969 -3.729221 -0.746578 -7.568583 0.483833 -2.085219 2.874629 0.166036 0.644628
-36.402198 4.152709 7.415306 -1.358377 3.562513 -3.617649 2.880395 -4.797363 1.448130 -1.909735 0.293519 -1.977072 0.807019
-42.357277 5.840075 8.410375 -2.644373 6.007109 -3.489458 3.170358 -5.681758 0.939502 -1.790490 0.336654 -1.456565 1.429686
-41.282613 3.344654 6.450813 -5.319709 3.942816 -5.555837 -0.827620 -5.048466 0.427377 -2.741240 0.385224 -1.112441 0.106600
-47.731679 1.316057 4.350987 -5.790444 5.570202 -4.168822 5.141197 -2.806392 -0.417100 -2.271839 0.430878 -2.125992 -0.158380
-38.710732 5.148876 11.947473 -0.711666 5.365660 -1.751695 2.460791 -5.199120 -0.885845 -1.326509 1.341831 0.098149 1.270571
-48.016512 -0.013834 7.779008 -3.599502 5.308403 -1.685137 1.993416 -4.126535 0.467219 -4.252453 0.890679 -1.165122 -0.630668
-40.249984 4.882062 8.669447 -2.083812 5.130335 -2.072796 0.852248 -5.531038 1.477463 -4.073643 2.426726 -1.319446 1.182968
-49.703249 -2.846945 3.969194 -3.902763 0.896028 -3.679978 3.320061 -6.176757 0.797835 -5.720758 1.197329 -2.198373 0.472522
-37.185323 4.701628 9.293254 -0.875971 2.563925 -2.441425 2.532761 -6.497281 2.067831 -1.873341 0.702068 -1.768523 1.796347
-49.197112 0.037780 9.902283 -1.357107 3.401900 -7.165587 -0.023890 -5.869771 0.525072 -1.576819 -0.216566 -0.327939 -0.531234
-40.127311 5.134298 10.896940 -3.840492 1.459003 -3.402639 3.209199 -4.198338 0.161052 -2.217702 0.776051 -1.007781 0.601425
-50.051848 -2.783659 8.263608 -2.085162 3.328216 -5.695126 -1.039205 -6.505219 -0.095084 -1.721364 -0.142084 -1.577848 0.384667
-44.428539 1.798104 6.888220 -3.142035 3.233987 -4.895269 -0.161492 -7.161215 1.157012 -2.600539 0.880346 -2.066875 1.498161
-45.119654 5.689590 11.981747 -2.098858 3.912454 -5.832967 2.306655 -2.676892 1.538694 -3.571565 0.011212 -0.504234 1.551121
-43.467448 3.746448 10.292499 -1.089656 4.489774 -4.399285 2.611699 -5.303888 -0.085216 -2.531767 0.896910 0.512369 0.406074
-44.231975 2.014684 8.264716 -1.772184 6.630689 -4.075273 -1.643263 -5.566458 0.326899 -3.795389 1.879489 0.091849 1.278368
-48.603423 2.155335 7.308392 -2.042424 4.855699 -5.297378 3.279435 -5.914344 1.672236 -2.780986 -0.807960 -1.578393 0.549716
-50.626036 -0.703927 4.358481 -7.074840 3.986449 -7.390970 -1.513101 -4.582855 -0.754365 -5.177141 -0.074467 -0.778206 0.922256
-55.341358 -3.483094 8.922978 -1.694407 2.817764 -6.306004 2.666665 -2.826403 1.484198 -2.695150 0.234839 -0.996887 -0.062211
-43.842450 3.843890 9.225614 0.370765 6.396658 -5.597848 1.783079 -4.578668 -0.062132 -2.961678 2.539731 -0.912760 0.202009
-52.617918 -4.994480 2.215314 -6.800524 1.694074 -4.237554 2.937746 -6.088868 0.635764 -2.208858 -0.485897 -1.688829 -0.018566
-47.617157 3.535645 10.016819 -1.236938 2.299458 -6.112939 4.702726 -3.781335 0.206155 -5.527415 1.133038 -0.529669 1.056309
-59.225761 -9.640598 -1.413571 -8.426386 0.344170 -8.271204 1.444100 -5.647378 0.111546 -3.117365 -0.710977 -1.897181 -0.957125
-46.375770 -1.255209 6.498431 -2.175226 4.923064 -4.799191 -0.127265 -6.331764 -1.457660 -3.266840 1.394007 0.162682 0.336389
-48.463325 -2.220607 7.801702 -2.030184 1.775059 -4.773826 2.853183 -3.499736 0.975287 -3.196102 -0.306892 -2.934313 -0.295743
-45.602386 -0.791635 10.633887 2.303919 4.607560 -5.489640 -0.414607 -5.162040 -0.377555 -3.360704 1.762462 0.249339 1.838558
-54.553126 2.135266 11.295403 -4.733244 2.094171 -5.748942 1.200885 -5.215033 -0.163981 -4.118856 2.890010 -1.398167 -0.992526
-48.160476 1.984764 9.570474 -2.231672 2.901723 -7.909774 1.129721 -4.255512 1.727392 -1.873659 -0.588879 -1.177535 0.000181
-55.531105 -1.043354 9.149578 -1.467934 5.108154 -6.320885 -0.413474 -5.121561 1.951064 -3.963834 0.539719 -2.098568 0.147400
-47.566884 1.411440 7.610021 -3.291348 3.751687 -5.302455 2.047307 -5.104713 -0.808095 -3.770400 1.359547 -0.730981 1.367129
