612
13
-49.387007 -5.679486 -6.678646 -12.225695 3.139451 -5.698209 -1.799868 -9.228441 -2.800117 -5.804691 -0.077073 -2.792553 0.988375
-45.294174 -0.345877 0.918955 -3.660385 5.991791 -4.179933 5.723352 -3.419755 0.866536 -1.998657 1.416192 -3.600265 -0.772305
-46.494069 -0.136317 -1.108504 -6.753936 6.904750 -5.016085 3.955887 -3.776639 -0.155926 -2.617551 0.035757 -4.076203 0.410805
-51.270246 -2.164926 -0.521888 -5.255539 5.639048 -4.831605 2.660168 -5.604174 2.006832 -3.266675 2.551712 -3.737380 -0.460975
-46.916664 0.364541 2.204600 -4.857307 4.917726 -5.098124 3.548499 -4.178017 -1.473711 -4.361659 2.963832 -3.270649 1.143034
-52.280411 -2.801234 2.378484 -3.799247 4.415816 -9.454570 0.182942 -4.857226 0.950671 -1.550378 1.824893 -1.834838 0.846772
-44.572043 2.554510 4.607246 -4.536588 7.068750 -3.827019 3.976872 -1.469968 0.521610 -1.770108 2.149914 -3.311596 0.604024
-45.284887 1.858614 3.179803 -5.046930 6.217130 -4.194399 3.145725 -3.104879 0.917387 -2.302039 2.537964 -2.958328 0.927544
-53.661943 3.104537 8.745183 -1.665588 7.890556 -4.605403 5.158643 -3.076186 2.147634 -2.456530 0.851643 -2.165283 0.037929
-46.589531 2.910189 4.978197 -5.770680 6.462330 -4.175590 3.595812 -1.230409 3.434070 -0.095011 3.055159 -0.554658 0.643023
-49.985284 -0.819171 5.281842 -2.171386 7.916480 -3.255984 2.014693 -2.622379 2.304948 -2.555838 2.022307 -3.890252 -0.503813
-42.476651 5.817166 4.833328 -3.048937 9.751848 -1.522104 5.344870 -4.578884 1.228582 -1.989083 1.067683 -1.589481 1.356914
-44.022375 4.617686 5.463208 -1.584134 8.979857 -3.153726 4.997171 -2.723292 1.069265 -3.995590 2.335678 -1.670283 0.201504
-50.108462 3.294365 6.363765 -4.661449 8.933454 -2.344856 2.312718 -3.299473 0.895135 -5.273796 1.988259 -1.578044 -0.114942
-52.970693 -1.464893 2.846621 -6.717070 4.280573 -5.253601 1.178704 -6.701477 -0.634628 -4.335863 0.707226 -2.494626 0.367895
-48.747988 4.968375 11.320721 -2.113811 5.513447 -1.274702 5.215224 -2.363257 3.734438 -3.303944 0.745908 -3.135012 2.195172
-47.540706 0.421954 4.297442 -1.394107 8.819901 -2.120684 3.932548 -2.979174 2.858668 -1.647217 4.251448 -0.196655 2.447897
-29.208206 7.798858 -0.683962 -6.386791 7.527318 -3.642169 5.162994 0.754141 2.625461 -2.619341 2.776197 -0.987553 0.679601
-25.704224 7.908811 1.387781 -0.248689 10.707118 -4.018525 2.698205 -1.970977 0.338725 -2.015864 3.728393 -1.323576 1.996764
-30.994191 8.950336 2.001493 -7.137165 5.309006 -3.623772 2.880250 -3.925622 2.647906 -1.503327 1.784025 -1.590857 0.888164
-34.068397 7.291173 3.779396 -5.168950 1.952745 -6.747519 1.568815 -4.036633 2.370074 -2.836879 3.474630 -3.024851 0.129609
-40.709697 1.891450 0.763521 -5.682664 1.707181 -9.868232 -1.084100 -4.403561 3.140905 -2.643624 2.332256 -2.877143 -0.765289
-40.428189 4.234729 3.118663 -2.910003 4.744353 -9.007987 4.270828 -2.922588 1.348139 -0.867249 1.913061 -0.472933 -0.336431
-40.138659 5.772124 5.515925 -0.050663 11.291742 -2.781756 6.968243 -0.728786 -0.131848 -2.954491 1.597321 -2.651017 -0.741485
-38.516121 5.149033 -3.180623 -11.431516 0.630929 -9.501887 -0.513822 -7.746931 -0.213566 -5.957838 -0.375332 -4.554880 0.278661
-22.968238 11.167558 2.719801 -0.101337 10.711606 -2.008634 4.477255 -2.609982 2.453236 -1.047881 3.517860 -1.558133 0.946461
-30.687349 9.311999 2.437349 -6.038843 7.303804 -1.768545 3.407445 -3.951764 1.208942 -2.023613 2.728180 -2.773147 1.849077
-34.789173 6.879563 2.751816 -4.543665 4.168537 -4.222153 3.398381 -3.858172 3.981860 -0.768202 4.314930 -3.000464 1.399096
-34.254959 7.570060 4.180760 -2.524148 6.862726 -2.391774 6.208739 -2.611534 1.397547 -3.063607 2.355842 -2.405870 1.410858
-40.679871 3.633735 3.686934 -4.867063 2.394419 -4.934861 4.782746 -3.550224 0.250107 -5.012238 1.879146 -2.381568 -0.055756
-33.928352 7.417718 4.425871 -3.079240 5.703513 -5.336108 6.478303 -1.805786 -0.452635 -1.129836 2.766999 -1.664138 0.130655
-38.195110 6.900354 3.828786 -3.672024 5.224516 -3.743309 3.884853 -3.827949 3.431084 -2.951630 5.667038 -0.448938 1.708073
-23.239229 12.110938 1.747232 -2.855500 10.861515 -0.100662 6.110341 -1.879362 1.607926 -2.721108 2.300309 -2.530296 1.298367
-31.403531 9.063064 2.118567 -5.273274 7.269749 -4.621638 3.288226 -3.165076 0.702770 -1.173100 3.326654 -2.503542 1.553839
-34.349004 8.751487 5.102039 -6.462302 3.582098 -3.657064 2.314719 -3.832605 3.303965 -2.307916 3.239741 -1.326588 -0.043494
-33.968779 8.568786 6.486763 0.917631 7.759341 -5.682830 3.017665 -2.104002 3.825173 -1.275774 3.652331 -3.374404 -0.161596
-35.438871 3.118961 -0.405228 -4.635853 5.495632 -5.587982 3.811343 -2.304916 -0.407106 -3.266770 2.413868 -3.164991 1.061882
-41.631223 4.237271 2.993829 -2.871455 5.369438 -8.949476 4.894056 -1.370898 0.993538 -1.489564 2.192683 -1.992408 1.885859
-41.008163 6.919224 7.030417 -4.192227 3.758247 -7.031301 3.507115 -2.301970 2.372790 -2.012697 2.303707 -1.102533 -0.025599
-22.616140 12.668371 5.380084 -3.927766 6.054581 -3.188365 4.340580 -1.235183 1.553377 -0.811606 3.008591 -1.950619 1.173481
-30.516702 8.312551 1.549850 -0.714427 9.445961 -3.689578 5.016618 -3.042916 2.785968 -0.561742 3.835921 -3.183046 1.647309
-30.544530 9.283503 4.256377 -2.877578 6.477767 -4.874176 3.976655 -3.320308 3.097310 -0.124664 1.565374 -1.494696 0.075634
-37.579839 9.264291 7.490479 -3.699347 5.514801 -5.715476 3.363463 -2.228300 4.213254 0.156620 2.775175 -0.957863 1.152126
-39.581692 4.927242 6.512422 -3.831344 2.984671 -4.659221 4.046101 -2.750516 2.569571 -1.494066 3.183116 -0.520127 0.328869
-40.116856 3.408958 1.953256 -4.167485 4.456249 -6.249751 2.472170 -3.244481 3.342047 -0.792816 3.891681 -3.255505 1.096210
-42.976062 1.487381 3.950936 -5.606761 5.168468 -0.227039 1.443364 -8.002106 1.487819 -2.223103 1.283171 -0.482112 2.383286
-25.632972 10.833598 3.149911 -5.474159 4.216446 -4.519730 5.296664 -0.528680 1.999689 -1.373398 3.574199 -1.579596 1.711519
-21.067927 11.246588 3.994955 0.736068 8.228981 -4.820919 2.043953 -1.524378 3.632442 -1.433547 3.698000 -2.458976 0.694751
-30.645061 12.185719 7.028231 -3.609046 7.238657 -2.599526 2.040271 -3.867700 4.557486 -0.862520 2.460160 -2.557160 0.878936
-39.673994 6.460716 5.628972 -4.990992 8.248117 -3.303795 2.921486 -2.115935 1.876729 -0.510252 2.570861 -0.616497 1.194108
-35.927104 8.926021 4.861110 -4.947520 4.110158 -6.860846 4.959291 -1.857478 2.073443 -1.223627 2.524628 -1.508142 2.044291
-37.192560 6.643516 3.693704 -6.021099 3.087501 -6.429465 2.383754 -3.812278 1.942950 -2.802504 1.939818 -1.635072 1.264475
-36.113855 5.259156 2.396867 -6.550213 2.596905 -7.955940 3.356476 -1.938020 -0.720101 -2.081588 2.718591 -2.288536 0.924202
-26.095950 9.660095 2.699985 -5.763218 2.889108 -6.943454 2.146987 -4.371119 0.558319 -1.412482 1.396910 -1.762764 -0.344602
-22.794861 14.413548 4.552394 -0.504385 9.114646 -6.257573 4.777241 -1.157004 2.399161 -0.938073 2.810494 -1.450299 0.896835
-31.248204 10.417504 4.099438 -5.302165 6.167488 -3.534966 5.756405 -2.667272 2.559624 -1.179608 1.126643 -0.348893 0.786254
-32.979817 9.914841 5.549565 -3.350112 3.407127 -6.992866 5.473886 -2.241974 2.182281 -1.642750 3.065972 -1.275757 0.500133
-35.268386 9.792044 6.610683 -3.852509 3.383386 -2.398161 8.726064 -4.090266 1.987267 -1.159690 3.708088 -0.267761 0.613008
-38.901846 5.160145 0.015848 -2.462345 5.783995 -7.650237 6.899590 -2.973770 1.800476 -1.978544 3.518685 -1.366753 1.532704
-47.673451 -5.599868 -8.849189 -14.050223 -3.325976 -13.748435 -2.650033 -8.022028 -2.783232 -5.173379 0.702914 -4.219202 -0.458849
-25.027968 11.817879 2.331299 -6.047724 4.688401 -5.650746 2.196896 -2.374858 2.564869 -2.423585 2.446253 -2.664430 1.808193
-25.216945 14.870864 7.510880 -2.188868 6.628653 -3.991182 4.739802 -2.394953 2.455423 -1.442337 3.661910 -1.434720 0.287455
-36.073575 10.036500 5.530287 -3.425740 6.747939 -5.754904 4.821603 -1.799226 2.903819 -1.402946 3.056400 -1.766170 0.879820
-32.176630 10.379436 3.402259 -3.901661 5.025104 -6.663243 4.149054 -4.755429 2.174843 -1.425995 2.132216 -1.701461 1.550076
-33.695280 9.239739 5.089654 -2.980442 8.257849 -1.626188 5.649951 -1.536911 1.909260 -3.351398 3.472124 -1.288755 1.752877
-37.275673 5.709883 3.784685 -3.831552 6.976764 -4.214258 5.489762 -0.984276 2.642923 -0.027665 2.366711 0.077803 2.540754
-37.439136 3.002268 1.838685 -6.129277 3.348753 -5.894540 2.342057 -3.734332 0.934389 -2.183030 1.405189 -0.125256 0.535075
-25.793594 11.464995 1.689918 -2.373883 10.003227 -3.111379 6.160500 -1.209801 2.336935 -2.109380 2.002821 -1.928326 0.885975
-22.674249 12.182915 3.896026 0.564322 5.882827 -6.930757 5.055611 -2.482384 1.849811 -1.847377 3.781090 -1.929204 1.004217
-26.431674 11.176829 4.928739 -4.400027 4.818527 -5.115007 3.194156 -1.831731 2.288650 -1.647435 2.171519 -1.500985 1.119410
-33.598754 6.534393 0.037440 -3.134838 4.098764 -9.093373 5.714131 -3.865668 -0.059939 -2.928888 2.472192 -0.296311 0.751132
-30.765915 10.657820 7.620593 -4.328702 4.067326 -2.387701 5.501035 -1.774429 2.093495 -0.889726 4.672320 -1.028873 1.244557
-37.014124 3.007763 8.821628 -0.189706 5.143480 -1.567240 3.821464 -1.288041 2.455583 -1.530807 2.352592 -0.910796 0.273897
-29.517709 8.905919 4.300758 -4.594739 5.650749 -3.449434 0.915774 -2.659197 3.256383 -4.087761 2.111449 -0.659866 1.498118
-11.389494 15.007373 4.254436 -1.182894 8.644440 -2.762819 2.955874 0.423589 2.529049 -2.600371 2.371671 0.410923 0.899673
-18.190804 14.594944 5.459683 -2.170350 7.376367 -7.166250 1.887199 -0.596519 1.475047 -0.761842 1.108796 -0.998050 1.595143
-27.913779 8.658303 6.292262 -2.404704 3.571198 -5.279751 1.697389 -1.128055 3.624079 -2.128907 3.972309 -0.750777 0.265712
-21.431397 10.255068 5.179186 -1.989053 3.926872 -8.986272 0.757259 -0.120212 1.963902 -1.645054 0.871966 -0.853056 0.787143
-25.038464 9.475594 5.617734 -1.107562 4.047864 -7.441959 3.132450 1.305929 4.595233 -1.991159 1.326980 -0.017827 1.971268
-23.738666 10.226670 7.336595 -0.600675 6.002918 -5.266121 3.087174 0.618277 2.139571 0.021760 3.155625 -1.595363 0.665782
-8.269062 16.008467 4.480141 -1.103739 8.611644 -5.936519 2.108174 1.293064 1.522724 1.571229 2.071362 -1.041514 2.441579
-6.678346 13.045051 4.279127 4.429177 10.385149 -4.036152 1.757072 -0.874139 0.073594 -1.790900 2.597771 0.995785 2.543600
-11.381140 14.939003 5.328525 -1.702583 5.228899 -7.075975 1.792628 0.506784 2.703713 -1.253576 0.325644 0.126799 0.765950
-13.521864 14.452824 3.747948 0.162041 4.580530 -8.723436 2.125614 -0.022771 4.172217 -2.687674 1.785407 -1.538456 1.320717
-21.345710 13.594015 2.312940 -2.797180 5.458383 -10.581430 3.357685 0.708514 3.117941 -1.491384 2.423300 -1.053542 1.210944
-21.791550 10.598431 6.026301 -2.762854 3.136445 -6.868842 3.603318 0.846074 1.575795 -0.280479 2.565728 -1.566904 0.878783
-15.605362 6.395543 0.294394 -3.937456 2.794470 -7.666904 -1.272727 -2.013095 -1.816488 -2.335960 1.346377 -1.773534 0.516129
2.067427 15.115800 4.789024 1.698658 4.449723 -5.401364 1.345408 1.476194 2.316792 -0.577050 1.551305 -0.872862 1.274411
-4.922226 14.092925 5.260454 1.678406 4.251694 -5.431734 2.860184 0.887661 3.335051 0.232871 1.860340 -2.138687 1.394157
-15.025543 12.834149 5.873632 -3.706704 2.711001 -4.046463 2.847058 0.515238 2.947571 0.142295 3.602522 -1.813632 2.030443
-14.176535 12.957795 3.316744 -3.001517 3.480741 -5.696891 3.429876 0.325604 1.474657 -1.706744 3.732215 -2.732689 1.614252
-20.276725 10.756687 5.309659 -3.386370 3.994290 -5.141226 3.366708 0.633296 1.732290 -1.563152 2.363599 -0.131619 0.388549
-20.667288 12.330877 7.488817 1.828977 9.097863 -6.104865 2.499345 1.876298 3.098173 -1.049282 1.167678 -2.370959 0.646588
3.987585 15.458210 3.741909 -1.600834 5.524009 -2.605861 1.958627 4.231444 1.157533 0.299266 4.178410 -1.433408 1.514831
-3.002496 11.668053 3.650272 0.469741 1.698688 -9.558190 0.877164 2.715104 1.852688 -1.597561 -0.080398 0.639418 1.156774
-10.986862 12.004669 5.710619 1.443297 3.758928 -6.621495 1.254305 0.500724 3.531795 -1.795881 1.350677 -1.567964 1.126305
-17.004201 9.648409 5.427733 -2.280725 1.300695 -6.561199 3.542175 -0.003426 0.300598 -0.409922 2.063672 -1.429393 0.310392
-19.826137 15.044814 8.315199 -1.187639 7.442795 -4.773133 3.378001 -1.084751 1.887648 -1.150053 0.797233 0.514385 1.091084
-15.381696 14.135601 9.536860 0.862895 5.664320 -5.524472 2.537749 0.759971 1.996279 -0.962480 2.129718 0.023279 -0.150217
-0.983494 11.958541 1.704554 -2.456721 5.124497 -2.932459 2.091648 2.084501 0.640580 0.332420 1.353477 -2.403077 0.102257
6.774207 17.027098 6.759973 1.673284 6.745813 -4.700221 -1.422982 3.931110 2.157820 -0.463857 1.711186 -0.736254 1.021391
-12.272372 5.764543 -5.673932 -8.276417 -1.422354 -12.962646 -4.528940 -2.766622 -0.843980 -4.828742 -1.155557 -1.754390 0.010183
-13.255571 10.454501 -1.371330 -5.290485 1.150571 -11.809621 1.047511 -2.478399 -0.630111 -1.291240 -0.804539 -0.964000 0.314077
-14.828784 11.915348 2.722071 -3.806946 3.376597 -6.320478 0.997827 -0.424155 2.614868 -1.474729 2.833405 -1.844928 1.689847
-20.324942 11.081854 5.567675 -0.880622 5.744844 -6.997108 2.888588 1.490702 1.370113 -2.659785 1.190216 -1.308540 1.374845
-14.380549 4.159113 -4.606189 -7.954145 0.332699 -8.002043 -1.389333 -2.765298 -1.122997 -1.843815 0.106524 -1.486870 0.561412
-0.242634 10.925842 0.949273 0.623840 6.754403 -1.181964 1.509806 -1.002252 0.636274 -1.426534 1.211589 -1.174450 1.209888
-3.009775 15.110480 2.072170 -1.291104 6.420673 -6.577410 1.181233 1.781482 2.303216 0.143533 2.961676 -0.425728 0.755819
-9.235787 14.124257 4.789014 -3.861982 3.702882 -7.425485 -0.656042 1.028290 1.173287 -1.336529 0.761723 -1.744746 1.544489
-10.024579 10.148342 1.227213 -3.323617 2.153831 -6.928165 0.994898 0.431020 0.655993 -1.216064 3.095857 -2.488131 0.735476
-11.955453 15.238936 7.207307 -1.046277 2.842692 -8.756786 -0.317476 0.347016 3.290225 -3.508424 0.274593 -0.556266 1.189401
-11.316370 13.511235 2.494340 -2.326749 4.548021 -5.831199 2.345260 0.232061 3.040828 -3.923891 1.036226 0.073420 1.203680
4.553755 15.693051 1.353280 -2.477527 5.462091 -4.553704 0.236621 0.929072 0.032117 -0.087990 2.700718 -1.704981 0.840624
-0.487868 15.758001 3.750181 1.890053 6.482432 -7.340700 2.116112 3.409706 3.668438 -0.765317 0.993369 0.129813 1.229832
-10.909958 11.510247 0.279211 -3.879287 3.188287 -9.073719 0.217689 -1.091629 1.426312 -1.286125 -0.000375 -1.304813 0.709431
-10.610988 10.362556 1.857766 -3.123619 2.952508 -4.840814 3.275227 -0.123679 1.262089 -0.900111 0.979824 -0.927842 0.261714
-14.924524 11.428358 5.025421 3.576811 7.047657 -4.832595 2.794341 -3.360910 0.384101 -3.032839 2.747711 0.484780 2.061530
-9.456774 13.711121 4.104208 0.181373 6.951245 -3.913308 2.422109 -0.197647 2.202297 -0.403946 3.671342 -0.729538 2.400031
6.879400 16.737876 4.286375 1.501900 4.755073 -5.000514 2.487157 1.738987 0.896058 -0.053583 1.578004 -0.546434 1.328279
0.643539 15.200702 3.276890 4.075445 8.622658 -4.419006 2.852507 1.451562 2.308824 -2.234078 1.399000 0.061527 1.008482
-7.790299 12.546234 1.726575 0.691735 5.626104 -6.296885 1.422889 -1.330663 3.487476 -0.266513 2.369032 -1.408969 -0.607959
-14.653909 12.318062 6.153136 -0.712150 3.805204 -5.535761 1.264795 -1.121709 2.461576 -1.408680 2.122062 -1.594839 0.930209
-11.931768 13.304334 2.506906 -0.983052 4.889374 -7.926345 4.009396 0.430769 0.963411 -0.302063 3.137480 -1.793004 0.188040
-8.265391 16.045496 4.293244 -0.005985 6.894558 -4.964938 3.454310 2.285897 3.779324 -1.386483 4.027918 -0.845658 1.696883
10.067760 17.211321 0.803734 1.064150 7.960333 -2.923740 1.550668 0.695884 1.070176 -0.380455 2.617089 -0.899438 1.531486
0.583206 16.179524 6.062508 4.573179 6.042505 -5.639837 3.496373 0.222296 1.258396 -0.059583 2.337985 -0.276065 0.501175
-4.052016 15.042358 1.761232 0.458150 5.146669 -7.402628 1.712145 -0.304761 4.178745 -1.137990 1.069019 -0.757821 0.671024
-11.718950 11.486054 4.294819 -1.486294 2.875983 -6.553137 1.191377 1.208554 2.452696 -2.855506 1.630583 -0.937887 1.236640
-16.847866 9.900922 3.635343 -1.306443 3.737949 -7.103018 0.957147 -0.189699 3.857685 -0.663911 2.170247 -0.785701 0.383002
-12.659305 14.584324 6.004246 1.533934 8.151500 -3.140126 4.243624 1.419474 4.067877 -2.772171 1.521380 -0.454956 1.057456
11.763099 18.095154 0.110795 1.183519 7.820247 -3.558813 1.728492 0.668324 1.608496 -0.605943 2.534556 -0.643654 1.067161
3.308183 15.389212 4.185816 5.228452 7.015695 -4.207452 3.107450 -0.870920 1.044347 -0.419907 2.876278 0.041302 0.586734
-7.881712 13.135547 1.823595 -0.950680 3.978282 -6.448371 1.283318 -0.887563 4.098820 -1.272345 1.471694 -1.482704 1.212057
-13.047570 13.038591 4.772632 -2.093646 2.804585 -5.984993 3.270942 -0.728343 0.829302 -0.807536 2.654332 -2.575465 1.091751
-15.922396 11.945081 1.510427 -3.374842 4.176456 -8.881880 -0.129802 -0.776656 2.703539 -2.285364 1.996287 -1.583766 0.719986
-11.676788 14.885930 4.413780 1.957045 9.350371 -3.890026 3.613984 0.994752 4.516147 -2.260514 1.607558 -1.124265 1.483530
8.942438 19.777357 0.039811 2.849403 6.466633 -6.010507 5.206722 -1.567738 2.383873 -0.256512 1.939072 0.050294 0.242200
-0.683667 17.568384 2.534681 4.265638 9.567926 -5.301820 3.478250 -0.825165 2.811538 -1.352653 2.687590 -0.652472 -0.094325
-9.699177 12.787401 1.630308 -1.222340 5.699220 -6.794873 1.203554 -1.211285 2.768359 -0.125076 1.277163 -1.297137 0.674333
-13.445421 14.101159 1.507050 -2.032880 8.070320 -7.383601 0.627740 -0.810117 2.507078 -1.745508 2.026198 -0.822548 -0.192986
-21.388124 8.605179 0.950341 -1.741561 0.666142 -13.333823 1.194200 -1.712749 0.502439 -4.291918 0.651450 -1.751662 1.345753
-12.666828 15.055311 6.870065 1.653090 8.677761 -3.556050 3.064031 1.190238 3.459064 -2.158713 1.663990 -1.250500 1.511190
8.763404 18.568864 1.887376 2.943825 5.168449 -4.972049 4.223275 -0.710254 2.373923 -0.545027 2.441436 -0.562873 0.572319
-3.088048 16.849716 3.309021 4.588835 9.280634 -4.464260 2.945773 -1.729709 2.855958 -2.116978 3.618535 -0.660542 0.478611
-8.959015 16.459224 4.071049 -1.563320 6.954754 -7.266377 0.140889 -0.247524 3.737824 -0.638121 0.931478 -0.883414 0.288807
-16.069068 11.053515 -0.143412 -4.209746 1.958825 -10.346952 1.034054 -1.911317 1.526897 -2.753595 1.607760 -1.127683 -0.562273
-16.770166 12.957002 4.079733 -0.548692 5.374107 -10.334283 -0.263896 -0.073323 2.263173 -2.283240 1.751797 -2.330019 1.105954
-10.744648 15.024441 4.474005 1.767002 10.074629 -1.778620 5.505388 -0.198764 1.117540 -2.170861 1.997852 -1.787044 1.481166
1.711486 17.762743 0.474870 -1.535462 5.679027 -5.629991 3.907991 -2.763615 1.269239 0.592402 0.613711 0.745969 -0.197300
-1.706980 16.703179 2.369919 2.146618 6.400865 -6.481489 3.392741 -0.078703 4.382866 0.507583 2.744348 -1.091822 0.490315
-11.027220 14.193693 1.966687 3.021214 6.986304 -6.471772 4.849399 -2.716199 2.666761 -2.607191 2.048520 0.029321 1.078658
-22.890607 7.922066 -2.256249 -6.154347 0.488521 -11.576796 -3.036825 -6.916682 2.203362 -3.357362 0.074594 -2.963933 -0.625327
-20.669693 9.490628 0.743784 -2.125332 3.479016 -5.274243 4.087851 -4.160541 2.455020 -2.021542 2.986742 -1.451549 0.551249
-9.595535 14.313410 4.905653 0.155022 7.776569 -0.120084 4.772722 -1.964321 2.686428 -1.142948 0.528237 -0.930896 0.511808
-7.157927 11.255231 -0.856876 0.922314 7.104487 -5.202746 2.498046 -2.654450 2.920440 0.100374 1.133795 -1.497914 -1.069530
-4.811954 14.579331 4.144467 4.073146 4.859521 -8.464557 1.931226 0.906135 5.889814 0.574387 2.860316 -1.449894 0.908844
-13.593449 10.490391 2.335120 1.542017 6.237975 -4.312206 4.559924 -1.784049 2.370018 -1.328797 0.994727 -1.393115 0.553148
-13.451405 13.645956 0.647727 -2.498297 3.833188 -9.661171 0.533059 -2.866411 1.768382 -2.712013 1.865845 -2.498366 1.144837
-20.589188 12.946549 0.814437 -0.679154 7.011558 -6.253495 4.933162 -4.219272 3.344528 -2.410900 1.072596 -2.295606 -0.617619
-8.834979 15.066024 2.178822 0.411051 8.231975 -3.483137 4.441895 -1.496010 2.998007 -1.177396 1.522215 -1.465105 0.243918
-2.957043 14.610271 -1.389984 2.391389 8.906090 -4.659838 3.476830 -2.916340 1.586581 -2.714101 2.934742 0.164851 1.217737
-8.210072 16.700168 4.159575 -0.181000 5.358900 -6.149116 3.260974 -0.352513 4.840728 -0.288655 3.130508 0.137504 0.282012
-25.132244 9.006357 2.576134 1.299108 9.481316 -3.940565 2.883243 -3.567572 3.222423 -2.277068 2.082187 -1.380047 0.835138
-16.076449 15.083885 4.083153 -0.390396 3.196062 -10.221585 3.468351 -3.525899 2.167729 -1.256195 0.950899 -1.290376 0.373606
-19.449605 11.286588 5.788785 -0.120609 4.431603 -7.336873 1.051819 -3.188525 1.638695 -1.424417 1.217220 -1.064345 0.437734
-7.577440 13.102118 4.752409 1.050644 5.656623 -1.765551 4.526391 -1.806220 2.404078 -1.353570 0.044452 -0.042418 0.790087
-7.289741 12.532915 0.247803 1.728523 9.753133 -4.492366 3.369538 -3.121221 -0.273285 -1.376216 1.138068 1.952233 0.964992
-10.771036 15.253832 3.923766 -0.172902 4.720469 -5.508047 5.689511 -1.338588 3.105158 0.355503 3.407301 0.582590 0.249424
-19.867750 13.944527 7.510928 0.438219 4.213147 -8.653959 1.637414 -3.664574 3.869119 1.225148 0.607387 -2.388118 -0.248582
-19.282653 13.839739 5.808908 -4.252755 5.039032 -6.802464 -0.013954 -0.888158 2.474271 -2.826233 1.222032 -0.022284 -0.270910
-12.240737 11.357151 3.712679 -2.262102 4.276294 -5.520889 -0.241003 -2.407315 1.525470 -2.670843 0.471762 1.174403 -0.541020
-12.922970 12.833269 4.394686 1.223915 7.023299 -3.622006 4.237811 -1.135892 2.623035 -1.615738 2.090808 0.434277 0.624020
-12.794119 10.320685 0.373605 -1.662274 6.753480 -6.884432 0.665662 -0.028464 0.572265 -3.023733 1.507415 -0.343027 1.790050
-17.783415 13.728961 4.195651 3.636301 9.558487 -5.445296 4.991276 -0.714537 4.045796 -4.184829 0.780055 -0.497344 0.442032
-14.432735 16.984598 5.273788 -1.338130 5.659889 -7.069644 2.777318 -2.594504 2.263572 -1.081631 2.514162 -1.493014 0.323148
-21.823975 13.586699 3.039583 -2.542264 5.972501 -10.221522 1.460192 -2.750376 1.251263 -1.629273 1.420684 -1.456805 1.108297
-30.210702 5.168562 0.331983 -4.040518 3.945772 -11.442967 0.112701 -1.129853 0.713539 -2.885624 0.849415 -1.189893 0.488218
-21.493577 11.578231 6.951309 2.152191 10.004176 -1.076887 3.156277 -3.756202 2.061698 -2.340415 2.818668 2.157349 1.358262
-7.636228 17.899495 4.054192 1.939381 7.166552 -6.122778 4.096675 -2.453259 3.470200 -1.748324 1.630772 0.376234 0.947532
-11.398451 18.648126 5.800437 -0.596885 6.692407 -6.819331 4.831850 -2.745434 0.055520 0.174314 2.729624 -0.634604 -0.200939
-24.868667 10.659352 1.388596 -3.673843 4.609528 -10.334094 -1.073921 -4.740090 2.491904 -3.292188 0.216133 -1.124025 0.130376
-21.238581 11.644928 5.742797 -2.349382 4.017485 -8.220653 0.446096 -0.067982 2.541232 -2.014490 2.619788 -1.378704 0.549397
-18.005555 12.613464 7.020458 1.209229 4.450785 -8.182273 -0.637898 -2.597929 4.083502 -1.396993 1.355421 -1.884061 0.148590
-13.352261 15.047602 7.877187 2.274927 8.009064 -6.034092 0.981457 -0.713861 3.201859 0.054396 2.076064 -1.231619 0.022130
-9.552356 15.005499 4.508267 -0.839854 9.743512 -2.226791 3.167608 0.852997 0.117613 -1.589112 2.955160 -1.093092 1.074354
-19.006821 10.368105 0.586052 -4.241018 2.219905 -11.040594 -0.572091 -3.324385 -1.377127 -4.413045 1.352995 -2.138778 1.436830
-18.378445 15.196960 7.222264 -1.428204 5.048299 -6.061342 0.334235 -2.940601 4.135138 -2.769518 1.538383 -0.251337 0.226024
-22.168231 15.614966 8.214156 -3.667392 6.234286 -5.007627 2.055905 -3.133862 0.931342 -0.902921 2.353098 -0.714393 -0.263398
-30.726837 6.335146 -0.404288 -5.173223 3.753127 -13.803480 -2.381194 -3.611580 0.200838 -2.041472 0.785597 -2.897266 -1.018110
-23.668942 8.612444 8.715976 5.251085 9.256726 -5.913702 1.285275 -0.176772 1.660944 -1.855219 2.191076 0.285806 1.447214
-18.384162 13.833240 5.819742 2.031292 8.452960 -6.002069 4.267857 -0.111641 3.320155 -1.277316 2.603100 -0.338384 -0.028971
-23.200865 13.917440 7.146424 6.150197 11.182903 -7.860648 1.780512 -3.885577 3.969823 -0.149651 3.262192 -2.163334 -0.427278
-27.322448 8.049026 4.340932 -4.282361 5.990554 -0.365399 3.866127 -2.576236 3.827819 0.512720 2.955893 -0.211308 1.580309
-29.537507 15.156169 8.117997 -3.189191 5.839960 -4.530909 5.388247 -2.237993 3.172671 -4.108736 1.695644 -1.134230 -0.424582
-22.558538 14.498830 6.126161 -2.370538 8.280026 -7.226727 2.033110 -2.154099 -0.616482 -1.041110 2.651131 -0.761505 0.186354
-25.041969 11.221065 10.375298 3.226240 6.100157 -5.917807 3.312865 -0.904754 2.003964 -3.069361 1.883302 0.934606 2.013538
-18.080130 13.680469 4.308707 -2.351117 4.666855 -5.989101 4.792290 -2.834884 0.627704 -1.367537 1.609882 -0.128394 0.971191
-13.110292 17.757783 6.321460 1.198075 7.774399 -3.517639 3.936526 -3.965423 3.136104 -1.406292 2.586711 -0.914619 1.989194
-25.557951 13.203081 5.853815 -2.103846 5.779522 -4.480813 6.538950 -3.476316 1.956078 0.264991 3.198139 0.553462 1.994773
-30.709820 13.580140 10.742162 1.644803 9.930801 -3.948978 0.412364 -3.788227 4.165536 -3.586306 2.738682 0.433859 1.491115
-32.281727 10.701655 4.544649 0.506037 9.777572 -4.728998 5.716719 -2.500978 2.790020 -4.535445 1.312777 -0.873656 -0.241925
-27.365135 9.496806 2.850236 -2.572951 7.378771 -8.874788 1.126834 -2.191582 0.104414 -2.657161 0.132825 -1.744158 0.366554
-25.245454 8.609914 0.324615 -5.201059 5.081133 -6.063123 2.035424 -3.288434 1.268110 -3.150381 -0.374289 -2.446474 1.338058
-22.375536 7.090159 -3.465547 -4.264271 6.623210 -4.448821 5.157025 -2.708811 1.076235 -2.941385 0.301769 -1.269451 0.270229
-18.625374 15.979532 8.918539 1.129591 7.044720 -5.091511 4.092174 -2.595754 2.443707 -0.267943 1.033669 -0.993630 2.016937
-27.649239 11.253928 5.626316 -3.389244 5.398712 -3.724750 4.787596 -3.640462 1.818367 -0.218075 3.070548 -0.605356 1.271835
-26.373516 14.755846 10.190513 -0.672471 6.730782 -4.813039 3.390611 -1.372999 1.370891 -3.344027 3.249659 -0.898928 2.010484
-32.160305 7.015422 5.373813 0.444420 7.311963 -4.200051 5.091849 -2.586974 3.600497 -0.198477 1.824164 1.155165 2.294431
-24.434233 11.768898 6.450167 -2.093218 8.935520 -1.485715 5.497743 -2.431034 1.157650 -0.928310 -1.278001 -0.401945 0.716136
-15.675736 16.633514 7.971527 -0.080855 7.658802 -1.911309 5.073694 -3.527062 1.449163 -0.702603 1.853480 0.038023 2.037785
-25.061674 11.607027 6.076013 0.940153 6.038997 -8.977606 3.374096 -3.184488 0.372804 -2.660830 0.394076 0.729766 2.044785
-24.208357 12.881378 3.537213 -2.062705 8.547995 -4.769091 3.905339 -2.839599 1.451531 -2.556630 1.568841 -1.811357 1.875805
-32.654963 7.072057 1.638465 -3.072593 5.486624 -8.832879 1.534498 -3.527067 1.001955 -4.921647 0.734577 -0.344922 0.579411
-34.324953 9.053518 6.149909 -2.235662 5.767315 -5.586854 3.159017 -4.324665 3.034683 -1.914112 0.739792 -0.209190 1.871949
-30.322785 12.216357 8.805508 -1.984146 7.111097 -1.499013 7.490423 -2.468981 1.840927 -0.706623 0.992239 -1.470463 0.263811
-14.443215 16.386263 7.893653 0.191762 10.192295 -2.049218 4.037281 -0.771022 1.177451 -1.198776 1.702929 0.865576 1.129920
-21.440069 13.997609 8.815183 1.877095 10.048572 -2.029321 4.289712 -2.341880 2.038164 -0.897397 0.879526 -1.400086 2.143387
-27.530786 10.009876 6.825370 -2.725763 4.707488 -4.244571 1.472919 -6.044430 0.620886 -0.936420 1.658442 -0.938544 1.276420
-32.394955 9.583426 6.453414 -1.868400 10.192912 -4.092625 1.318649 -3.139888 2.721287 -0.943619 0.168425 -0.504894 0.585062
-31.143405 10.759795 9.412427 -0.251036 6.343502 -5.128997 4.467171 -1.239355 1.966544 -2.078424 0.661884 -1.718616 1.218260
-28.332211 10.839071 11.358360 2.948903 9.005040 -4.238251 4.401490 0.879644 2.050157 -2.477833 0.144544 0.201081 1.352458
-19.165858 14.232648 7.686329 -2.713397 10.518579 -0.340043 1.776446 0.020674 3.347234 -0.840322 1.918685 1.259277 1.088586
-19.234463 15.717260 8.516931 0.461487 11.258276 -2.627718 4.360948 -1.290279 -0.382313 -1.411533 2.109242 0.856692 1.237122
-26.388923 13.223044 10.520867 1.122467 8.116828 -3.348460 4.772802 -2.670846 2.549432 0.029412 -0.259163 -1.454949 1.478306
-27.820924 10.905139 5.319468 -2.973797 6.560465 -6.144795 0.476614 -4.531296 1.698623 -0.919889 1.653189 -1.569304 1.732364
-29.834566 13.184017 9.849132 -1.251827 6.952125 -3.450979 2.630314 -4.037024 2.362082 -2.531209 2.703972 -0.420228 0.435248
-33.646736 8.891595 13.327633 1.659487 11.429776 0.320072 5.814066 0.695632 -0.358324 -1.806979 -0.591726 -1.651555 -2.554698
-25.431618 11.685667 7.242973 -3.030872 7.879404 -3.177196 1.680792 0.246110 3.619896 -0.434136 2.952815 -0.820882 2.171084
-27.469669 6.312786 1.866198 -4.864331 3.345672 -7.308709 -0.439651 -3.986466 0.498170 -2.660285 0.790317 -1.903677 0.783577
-27.633832 13.889218 8.004832 -4.754740 9.311457 -2.291421 3.155623 -3.525011 -0.521153 -0.265640 0.712806 -1.074145 1.820485
-39.355478 5.210609 1.877783 -8.047943 4.959742 -8.847439 -1.786086 -3.510310 1.194194 -2.808492 0.634307 -1.838630 1.575406
-33.443559 9.458985 6.289484 -3.262373 4.298612 -5.415285 4.392056 -2.954584 3.398258 -1.453340 1.884483 -0.506760 0.412091
-35.763069 9.725495 10.026689 -3.777070 6.819516 -2.637125 1.651880 -1.614845 3.377453 -0.885078 3.480589 -0.100536 1.368563
-29.677105 9.235221 4.381428 -5.465507 5.525714 -5.541577 -0.056404 -2.878072 1.210542 -3.205676 2.830190 -0.313998 0.548594
-18.912928 15.592015 8.994201 -0.912163 10.933828 -0.855635 3.719791 -0.934106 0.522265 -1.016599 1.579999 0.071447 2.052812
-30.836622 14.577133 12.450271 0.022321 9.756346 -2.925940 5.236572 -1.632258 1.958422 -1.270089 0.493000 0.406130 -0.063615
-31.286130 10.275623 5.148205 -1.820024 10.734675 -2.411052 3.486953 -3.022215 1.793672 -0.939882 4.987098 2.071965 2.585483
-33.794952 11.023505 10.653974 2.663809 9.730789 -3.480424 3.755756 -4.430464 1.437963 -1.523901 2.866852 -0.465766 0.863857
-33.600088 10.587556 10.273532 0.182654 10.370508 -1.115393 1.373029 -5.440998 -0.072399 -3.219528 3.256518 0.698697 2.714547
-27.482505 10.412983 9.528198 1.435042 10.210765 -1.503651 2.290683 -1.251490 3.346204 -1.302545 1.389527 -1.428687 0.039792
-19.973963 15.385917 6.333126 -0.908562 12.198738 -2.253099 3.417693 0.765847 1.888490 -1.708696 3.805216 -0.430133 1.965543
-23.802311 16.502175 10.823360 0.299382 9.949600 -1.704374 4.642461 -2.171452 2.025752 -1.666954 1.662204 -0.796996 1.833623
-26.720334 12.741490 7.235960 -0.695342 11.726777 0.275809 3.580967 -2.907073 1.046804 -2.974767 2.620825 -1.595743 2.321846
-31.527328 7.718594 4.815516 -6.276526 6.534327 -1.074701 2.474287 -3.306410 0.766444 -1.298209 2.665086 -0.012973 1.493156
-35.659665 10.971477 11.965281 -1.722098 5.398542 -5.424369 3.234515 -4.175287 0.377233 -0.314638 1.006242 -1.127945 0.598429
-30.588375 10.267327 11.333150 -0.621888 10.897390 0.950508 5.364820 0.315636 -0.992161 -2.471586 1.205473 -1.309440 -0.810580
-25.186400 8.449309 4.607462 -3.841473 8.242844 -1.622077 3.397277 1.344453 2.110987 -0.854038 1.935341 -0.681223 1.535865
-22.623233 12.866065 6.240222 -3.058668 11.419451 -2.683712 3.467742 -1.497702 -1.165747 0.241246 -0.021212 0.855914 2.015069
-26.509949 10.601709 4.957909 -3.441116 7.365717 -3.701990 2.356140 -2.052232 1.429863 -3.054410 2.704533 0.885573 0.630942
-30.687686 10.509429 7.829387 -3.204657 8.358865 -2.737904 1.356778 -0.577637 3.966249 -1.562848 2.740844 -0.008398 1.425212
-28.274970 13.978304 9.045285 -4.062949 10.981939 -0.970113 2.267891 -1.661373 0.862922 -2.658122 1.752325 1.102820 0.231531
-32.758770 7.522138 5.801104 -4.314771 5.875359 -2.704537 2.830906 -2.079327 1.493904 -2.610849 2.633031 -0.098070 1.946932
-30.383503 8.761568 9.171496 -1.468448 5.056246 -4.798393 3.497776 -1.320806 0.492226 0.131186 2.628001 -1.809621 0.893825
-18.455598 15.760767 4.574861 -1.493466 12.008236 -0.589891 4.345795 -1.185310 3.244454 -2.375537 2.516621 0.421644 1.158732
-16.326818 15.533753 7.104087 0.415069 11.436477 -2.256235 4.804988 -0.576323 -0.065639 -1.157885 1.625073 0.293695 0.874940
-28.926714 10.980585 9.829062 1.368064 9.275707 -1.112418 5.640655 -1.597762 0.904052 -2.360419 1.698940 -1.193508 1.581941
-28.523229 12.695620 6.065848 -2.859526 10.199762 -2.948613 4.563789 -1.610530 0.761772 -1.893218 3.042152 0.141804 0.015515
-32.222031 15.029136 12.197977 -3.349218 5.700646 -2.493088 3.918975 -4.914905 0.553128 -1.835661 3.489875 -1.169031 0.654332
-31.079087 8.110104 10.669604 2.540971 7.523145 -1.826950 4.289549 -1.568159 2.815268 -0.988602 1.862550 -1.538726 0.861064
-25.624831 11.475877 6.048464 -2.581230 7.350673 -3.852554 3.431865 -2.477921 3.091192 -0.005696 1.363499 0.753214 -0.287966
-14.374319 15.745529 3.756204 -1.708056 10.955962 -3.949179 1.674309 -0.511936 1.622004 -2.424256 2.219461 -0.016327 1.584349
-22.058507 11.254959 5.731137 -4.926063 5.594086 -3.774117 1.984763 -2.418640 -1.468831 -1.731449 2.420186 0.212450 0.872403
-27.082709 13.496004 8.239368 -0.410623 9.216636 -3.079681 1.553294 -2.670688 2.371786 -4.209057 3.512325 -0.209887 2.711830
-28.635622 9.650150 5.696733 -2.511388 4.909156 -6.467405 3.336803 -3.323801 -0.917626 -1.626017 2.773234 -1.250274 1.079289
-25.840733 7.867178 6.604451 -1.375266 7.399412 -0.295942 5.568279 -0.913520 0.052273 -1.573278 0.825378 -1.567397 0.282317
-26.660400 9.061228 10.576428 -0.271493 6.753521 -4.231368 0.355376 -1.055227 0.902246 -0.020998 0.971734 -1.318182 1.593194
-14.055330 15.412437 3.757395 -0.400754 9.274128 -6.110154 2.174956 -1.849559 2.703281 0.470282 1.878373 -0.636900 0.616947
-8.940557 17.172931 5.845644 3.551391 9.659675 -5.767299 2.644711 -0.828310 3.013821 -1.666725 1.966406 0.219840 1.684574
-16.276246 16.256334 4.464341 -3.509052 7.923138 -3.805896 2.083064 -3.341602 1.794188 -1.660197 2.906197 0.715868 0.725461
-15.024067 18.866212 8.281510 -1.054918 8.957313 -3.064835 2.987537 -1.359515 1.332157 -2.524763 4.124296 -0.327336 1.254511
-28.655036 10.610233 6.150947 -6.115682 2.038318 -8.789798 -2.199508 -4.870038 0.576175 -3.862662 1.279454 -0.563968 -1.351485
-19.788451 16.974658 8.688504 -1.518808 6.407564 -2.990428 3.375088 -3.885721 2.941688 -1.233995 2.896182 -0.992654 1.179679
-29.954435 10.819776 2.674535 -7.448038 2.596705 -9.080516 -1.583066 -6.814208 1.110017 -3.921921 -0.170325 -2.142592 1.208131
-11.015184 16.909096 1.942738 -0.508071 13.137382 -2.660362 4.874971 0.301834 0.963254 -2.382573 1.906690 -0.755497 1.243476
-13.456562 15.823312 1.139153 -3.431689 9.381873 -4.096390 2.837012 -0.996120 2.762015 -1.485793 3.080631 0.035648 2.617820
-13.436761 19.158913 7.436113 -0.345900 9.361329 -4.695710 2.708114 -1.456576 1.771530 -1.052572 2.886196 -1.060529 2.280721
-21.046659 14.010254 6.570860 -4.542776 2.980502 -7.799460 0.982617 -4.928128 -0.859380 -0.821240 1.080027 -1.742606 0.407119
-17.990638 15.959534 2.836747 -4.463169 7.485301 -7.416150 1.047074 -2.533592 1.671151 -2.509155 1.595245 0.133438 0.554186
-21.530141 14.332552 5.404096 -2.917617 5.604199 -6.873894 0.862710 -4.210270 1.805791 -2.270256 1.336492 -1.084472 1.216946
-20.057941 14.080132 3.995493 -3.816200 5.886281 -4.288109 3.071369 -3.744610 1.077585 -2.323995 2.937230 -0.701327 1.112681
-4.774586 16.815221 0.769115 -0.360074 9.307246 -5.032811 1.982194 -0.391786 1.658289 -2.425192 3.223020 -1.480944 2.518110
-19.769623 10.784700 0.015913 -5.137355 8.993670 -3.351971 1.025141 -1.164503 1.550513 -3.663940 1.579139 -0.851820 1.351695
-15.954008 19.612594 7.771026 -3.468584 9.668672 -3.611070 1.071469 -1.132151 2.639282 -1.894062 2.806383 -0.372534 0.900950
-13.007056 17.108675 4.042578 -4.645282 6.947358 -4.849987 2.011714 -0.593069 2.154569 -1.455993 3.578286 0.174680 0.408087
-12.237257 18.837021 5.301659 -1.278546 9.107279 -3.910466 3.552618 -1.517156 1.564043 -1.428357 3.601212 -1.719389 2.380286
-35.598633 1.788187 -0.909927 -10.737995 -2.398795 -12.665533 -4.768368 -5.322077 0.865703 -3.460066 -1.089784 -2.237931 -0.751994
-21.961696 13.812990 -1.637447 -7.331838 3.084322 -10.368760 3.402295 -3.663178 0.699013 -2.763425 2.734938 -1.591622 1.289440
-13.502132 14.437629 -4.155502 -4.065858 10.836695 -7.538460 3.925882 -2.223031 -0.837367 -2.508049 0.452278 -0.392802 1.328460
-10.110133 18.888629 3.581893 -5.370422 5.804544 -6.386677 2.467414 -1.636952 0.414299 -1.447970 2.449021 -0.548227 0.586211
-10.747069 21.639057 7.412627 -1.768891 7.821215 -5.356858 6.046419 -1.733222 0.090103 0.377618 2.850611 -0.265386 0.369194
-17.275214 17.054856 6.128762 -0.826307 8.559649 -5.249590 2.435953 -1.881644 3.446362 -1.708334 1.928836 -1.090144 1.474164
-15.276532 16.512085 2.909417 -3.884984 4.982233 -7.738484 1.416007 -3.159076 2.037409 -2.658972 2.390830 -1.370662 0.570175
-30.758360 11.945985 1.757892 -5.971505 9.991559 -1.543495 7.053882 -3.368133 1.330965 -3.074716 -0.194767 -1.011677 -0.339822
-17.731040 12.596687 2.519526 -5.216069 5.095612 -5.791860 1.894248 -0.905837 1.074049 -3.139867 0.594946 -1.406041 1.104146
-16.082569 13.423094 2.996668 0.182530 8.976295 -6.273085 2.643578 -0.561628 3.033306 -1.048604 1.648270 -0.918583 1.251989
-14.770828 13.682341 2.210590 -1.636660 5.980508 -9.881972 -0.301321 -2.035670 2.401139 0.037811 1.733662 -2.973279 0.547974
-15.977092 17.849383 7.782835 -1.458701 9.096394 -4.125054 2.977331 -0.685239 0.950436 -2.153375 3.466499 0.484366 0.008074
-16.855597 15.509551 4.287358 -3.163917 3.978812 -5.571798 4.055088 -3.408775 0.831347 -1.977791 3.592824 -2.173686 0.939857
-30.490467 8.389395 -0.382019 -7.311580 3.983557 -3.980768 4.401514 -5.976985 -0.080964 -4.524782 0.938231 -2.786750 -0.082026
-23.465376 15.534058 7.079382 -1.465174 5.437194 -6.065495 3.556413 -3.001540 3.724509 -2.339069 2.982599 -1.174539 -0.748808
-25.279612 9.869956 0.354832 -5.310593 6.159353 -7.511339 -0.716735 -5.243117 0.217151 -3.935048 1.621606 0.180884 0.564884
-4.118249 20.621070 5.409117 -1.639903 10.165606 -4.871220 1.472936 1.171902 2.761403 -0.524879 1.459188 0.027393 0.710041
-17.594945 10.669624 0.230583 -1.081416 6.317979 -8.081217 1.410082 -1.302163 2.960443 -1.578202 2.557729 -2.408396 0.761753
-13.215562 19.494412 5.372259 -3.848087 7.898855 -4.364527 4.267597 -1.438060 1.151073 -0.699782 2.917542 -1.199758 0.921886
-11.194008 18.419814 2.602821 -2.660336 8.106228 -5.924844 3.533207 -1.684927 1.860570 -1.640731 2.380823 -1.019855 1.198203
-20.491181 12.007082 -0.602499 -4.967604 5.866021 -7.099186 5.085555 -0.389888 2.523812 -0.181496 2.473055 -1.419313 2.230994
-23.420171 11.397343 4.287690 -0.815746 1.973233 -10.578723 3.225655 -2.428407 0.739431 -2.525458 3.302059 -3.325211 0.497877
-26.407965 9.081946 1.494131 -6.174443 4.581384 -7.515111 -0.814281 -5.077180 -1.810426 -2.989392 2.232616 -2.746961 1.552895
-2.826444 17.345064 2.090184 -0.467757 7.812979 -5.700905 4.153670 1.678349 3.200465 0.808480 1.773750 -0.864047 2.331105
-1.608825 16.756883 2.915657 -0.832673 8.964018 -4.518564 1.814949 2.207085 3.160272 -0.335442 1.213835 0.559522 0.257817
-14.114873 12.791842 -0.271757 -3.477130 4.954529 -4.280065 4.917153 -2.631580 1.926997 -1.591595 2.944791 -1.692546 1.244881
-18.480155 12.245923 0.216467 -3.178729 9.423003 -3.573848 3.333393 -2.431465 0.563380 -3.942228 1.248708 -0.667086 0.560291
-20.172609 14.403793 5.844756 -0.752836 11.514786 -4.092228 2.177962 0.440328 3.539124 -1.370841 0.155603 -2.404414 -1.441635
-16.223216 11.536890 0.756301 -5.210803 1.956462 -10.458484 0.850749 -3.089405 -0.919556 -1.827318 0.518204 -1.767428 -0.005497
-21.783270 12.052243 0.740779 -5.514643 1.216113 -11.047622 2.681762 -3.566202 1.004846 -2.550053 0.504217 -1.721675 0.769680
-12.973505 16.053026 3.351437 -1.968607 5.780632 -5.592992 3.606660 -2.195723 3.271765 -1.684854 0.756830 -1.600583 1.310178
-10.534468 5.716923 -8.372589 -3.864316 7.275454 -6.463168 1.824245 -1.798040 -0.634325 -3.215894 -0.858589 -0.996357 0.592849
-5.738997 13.553178 2.741072 1.689757 8.152604 -3.718965 4.064597 0.778071 2.030070 -1.165509 0.740977 -1.036204 1.915978
-12.867375 15.823411 3.431698 0.058159 10.292731 -6.339304 3.279344 0.479735 3.247445 0.162295 1.538925 -0.479705 -0.274818
-19.576009 13.591691 -0.047182 -5.300609 5.380433 -7.482958 2.399784 -2.953026 3.062552 -1.964408 1.403297 -1.492620 1.541619
-14.992931 16.866465 6.149521 -0.948515 5.843847 -4.736673 3.222890 -2.886626 3.438259 -1.268931 2.486534 -1.789476 1.080003
-30.583988 7.397123 -0.731749 -7.414139 2.786438 -7.571199 3.640517 -5.412073 -0.216911 -1.158461 0.792018 -2.760448 0.370302
-24.264561 10.140220 3.414721 2.011811 10.504532 -4.814346 3.834485 -2.221224 1.271938 -2.252774 2.565329 -1.415706 1.158841
-1.574667 15.387551 1.520082 -0.938252 6.790210 -3.499517 2.948664 0.775775 3.453977 0.257260 2.703095 -1.066354 0.564936
-3.762378 14.508597 1.277542 0.623244 6.589583 -6.609981 3.036216 1.590766 2.793887 -1.117187 2.108277 -0.813794 0.706958
-14.435078 10.628858 -1.919338 -3.551079 4.690309 -6.169031 3.021038 -2.215420 1.906531 -1.916063 2.055310 -1.893298 1.628635
-18.233587 8.456487 -2.177292 -1.038560 8.863384 -6.804644 -0.360119 -4.512280 -0.831315 -4.224226 2.090956 -0.215305 1.657933
-25.496719 8.361055 1.804058 -4.790723 3.782095 -6.886190 2.827884 -1.705776 0.461708 -2.857261 1.047810 -2.684044 -0.419263
-19.319017 8.098435 -0.682290 -4.721224 2.696783 -10.411772 -0.933504 -1.302171 0.765149 -3.669217 0.436836 -1.881165 0.669130
-25.944646 8.806492 3.494749 -4.740772 5.537788 -7.140202 0.232497 1.164215 3.412566 -2.454334 1.198195 -0.420917 0.847861
-22.246800 8.109486 1.987938 -3.858615 5.968468 -3.110911 3.625487 -0.148216 2.471119 -1.975345 1.068642 -1.019488 0.282093
-1.859742 15.472321 2.405569 -0.912506 8.021538 -4.090671 0.322720 0.980609 3.317274 -1.184919 1.151736 -0.424141 0.787602
-14.960151 13.082970 1.872917 2.606123 11.280979 -6.712927 1.476937 -1.179262 3.043938 -3.880511 0.879154 1.346764 1.352457
-13.578629 16.073723 5.514348 -1.234383 7.261664 -4.155129 2.358152 0.124069 5.207396 -2.337238 1.249577 -0.621717 0.572820
-26.261327 5.208486 -0.310774 -2.699120 5.651278 -7.548982 -0.694479 -2.944518 -0.598052 -4.906417 2.817461 -1.059209 1.964808
-18.680491 11.625888 6.725562 -0.840553 4.772800 -4.867351 2.272035 0.228790 2.706388 -2.067842 2.372433 -1.458019 0.795976
-16.322659 15.258143 4.784180 -3.898667 6.930106 -6.180582 2.090501 1.357762 2.309534 -1.806111 1.818824 -1.012628 0.762543
-26.894501 7.757985 1.051781 -4.743783 4.713268 -10.267484 -1.768806 -0.668372 2.169271 -4.153553 0.818486 -1.430498 1.279385
-9.187813 10.699891 0.840143 -3.240319 6.288784 -4.012931 1.722013 0.258026 0.702553 -0.917816 0.943930 -0.726607 0.391615
-1.659867 13.552691 2.962599 0.928781 7.251717 -2.634623 2.430122 0.559243 0.538311 -2.048481 2.162709 -0.332227 1.112380
-8.414095 12.293088 -0.681195 -4.256728 5.767709 -5.896972 2.257786 1.571958 1.679371 -0.900784 2.038191 -0.920361 1.397401
-23.367068 6.611425 -3.420829 -4.974139 5.411482 -8.314588 0.144900 -3.242926 1.320297 -2.864962 0.932190 -2.181743 0.745401
-17.581051 11.335138 1.905751 -4.851902 3.934915 -7.686882 1.130621 1.201276 2.345336 -1.848625 2.928941 -1.815059 1.091644
-17.010855 7.833592 -0.538258 -3.529267 4.151331 -7.959437 4.388758 -0.355829 0.275447 0.022585 -0.837527 0.311837 -0.141519
-27.214331 4.481417 -1.215571 -5.460056 1.534596 -10.087087 1.970114 -1.172690 1.183993 -2.035963 0.549447 -1.022358 1.327836
-21.890365 9.083008 4.266430 -2.477326 7.722935 -0.341982 3.965396 -0.422816 2.010419 -3.404642 0.396302 -1.106157 0.044541
-2.195379 14.670475 2.349975 -1.158466 8.573278 -0.398378 3.339961 0.798195 1.029018 -1.222630 2.180124 -1.527235 0.955769
-10.735897 4.745796 -4.503658 -4.212060 5.428275 -4.923645 2.305369 4.220939 3.365594 1.367930 3.656471 -0.323610 0.648780
-14.516787 11.410904 0.816322 -3.584595 7.903544 -4.590369 2.004003 -0.291116 0.683387 -0.171239 2.945267 -1.529913 0.783282
-19.777903 11.016764 0.942319 -4.864436 6.257666 -5.469752 4.431680 0.103895 2.260393 -0.358247 1.324465 -0.753932 -0.241991
-21.018701 8.148196 0.210238 -4.421517 4.144217 -3.300539 4.107276 -0.281415 3.821581 -2.275597 2.368139 -0.653766 3.222365
-17.349560 8.352086 1.414571 -5.231080 2.501267 -3.231638 2.777570 -1.448462 1.020378 -1.802857 2.019986 -1.983558 1.485016
-25.649529 8.066676 -0.070978 -7.304020 2.641762 -10.174172 -1.399358 -3.262129 -0.230024 -4.468245 0.005529 -1.369651 -0.261376
-25.183530 4.950171 1.232745 -3.972860 4.753352 -5.103747 0.674115 -3.027089 1.671670 0.272379 2.090657 0.016719 0.935319
-2.758060 9.936303 0.898267 2.108831 9.123250 -2.197689 -0.101372 -0.726399 0.593554 -0.973938 2.878953 -0.383321 1.222740
-5.183805 12.445803 0.253881 -0.610655 5.753099 -5.200118 3.333843 -0.630158 0.241038 -0.979093 2.547158 -1.530011 -0.156432
-14.849636 10.112720 0.871450 -1.643085 6.765789 -2.666669 5.931704 0.144106 1.505441 -1.005953 2.165994 -2.248152 -0.640635
-19.797113 5.625775 -4.449323 -8.834897 1.976498 -7.472608 -0.930231 -2.319479 1.027928 -3.093438 1.443173 -1.062563 0.109997
-18.011712 5.814247 2.561656 -2.416408 3.044276 -6.895990 0.773867 1.249753 0.480653 -1.492997 1.408373 -1.245796 1.205569
-21.412587 8.660375 5.663199 -0.735487 6.554198 -3.908489 3.648122 0.060143 -1.009784 -1.760584 2.237049 -1.349858 0.377227
-30.323542 7.469447 2.907793 -3.375267 8.288343 -4.959270 2.840594 -3.369571 -0.860064 -1.605988 1.440867 0.197644 0.789011
-16.196386 6.967848 2.669703 -1.321681 6.608101 -3.123789 -0.739127 -2.454690 0.284948 -0.714398 1.667854 -1.741289 1.566140
-6.219923 6.669294 -0.113275 0.390167 6.161808 -5.302777 -1.678897 0.648770 -1.198392 -2.159270 2.687924 -2.407483 1.826855
-15.229046 7.597484 -2.155338 -3.388690 4.559281 -8.806708 2.046146 1.039887 0.847833 -1.594836 1.392562 -0.670251 0.639106
-15.855860 13.195344 1.355221 -2.315767 7.590148 -4.927539 3.097006 0.142987 3.129955 -1.784082 3.211150 -2.712039 1.258943
-19.422736 9.918286 4.136426 -1.285449 6.376232 -6.170561 -1.036095 -0.592334 3.417533 -1.820369 2.265501 -1.944967 -0.484330
-17.055062 7.802247 -3.081984 -5.566720 4.144591 -6.621424 3.857181 -0.899648 0.727527 -0.372020 2.303151 -0.141956 0.170866
-25.209655 10.107791 5.888068 0.020187 6.097249 -8.082186 4.239928 -0.137446 0.553594 -1.704592 0.997826 -0.326002 0.723449
-24.769824 6.328284 1.226186 -3.514689 5.485923 -5.975387 3.004687 -0.585446 0.962503 -2.316069 -0.039651 -0.362979 0.679085
-9.968820 10.073835 1.854691 -2.348968 5.557670 -3.994656 2.034144 0.583392 -0.223346 -0.999556 2.251139 -0.903906 2.415207
-5.147983 8.879783 2.391100 1.665445 5.332430 -4.868962 2.009194 2.924816 0.516468 -1.900742 1.369269 -2.435287 0.717382
-19.895764 7.443374 -0.702708 -3.250731 5.430983 -5.101038 3.776981 -0.343537 0.594735 -1.425762 2.802738 -2.901502 1.901746
-23.567984 9.934400 3.808240 1.064536 10.595715 -5.857560 3.805251 -1.053421 -0.765336 -0.304442 3.105706 -1.544782 0.136816
-32.946502 4.529895 3.751853 -5.191701 5.474649 -4.738737 2.322150 0.065841 1.010347 0.222355 2.873994 -1.012946 2.479316
-29.583095 3.386660 -0.992909 -6.918569 1.405227 -7.304734 2.544596 -3.719053 -2.482693 -3.453738 0.832359 -1.965548 0.510727
-34.521949 2.992627 1.000568 -7.447797 0.227804 -5.986230 1.394587 -4.685133 -1.644256 -5.199009 2.252182 -2.601337 0.948119
-31.107485 4.245038 7.329051 1.195837 5.615523 -3.942359 2.181242 -0.163719 2.363906 -3.159329 1.584117 -1.646266 0.373752
-10.727015 11.103055 3.879845 -0.947482 5.734910 -2.128119 3.531340 1.898207 2.170580 -1.489318 2.059719 -2.636714 1.925798
-14.083690 9.175442 3.992801 0.037101 2.973984 -6.017603 4.983354 2.550389 -0.627549 -2.482218 2.991376 -2.885003 1.123850
-27.633092 6.352571 0.583577 -4.512765 5.017222 -7.365230 1.615608 -3.822979 0.160362 -0.150449 0.532011 -2.654389 0.857576
-20.926362 9.686706 7.314865 -1.564181 2.430634 -3.775854 4.212782 1.346796 2.116139 -1.718377 3.217541 -2.600596 1.912419
-21.142986 8.374794 1.435980 -0.096040 7.960364 -3.862257 4.467116 0.492372 1.106826 -4.150131 1.990488 -2.872465 1.710600
-29.750729 5.613666 -0.804842 -5.887888 7.007593 -4.706535 3.744111 -2.126153 0.199254 -0.591993 2.741067 0.319217 1.241564
-24.280011 9.827280 1.999407 -5.744608 4.641165 -7.300816 2.557760 0.091621 -0.225867 -2.966660 1.820107 -2.259373 1.449990
-29.053256 6.373271 2.727049 -1.715572 8.630540 -3.748489 3.273144 0.693195 1.379452 -3.512333 1.487392 -3.038065 1.774919
-17.650674 10.428981 3.255180 -1.830351 7.000778 -1.955378 6.229510 0.392499 -0.327772 -1.788549 2.261004 -2.148169 1.117811
-24.717700 5.265697 0.661445 -4.045017 3.014685 -4.292296 3.427328 -2.926273 -1.887674 -3.304322 4.909818 -0.654117 0.773054
-24.997045 8.270492 1.797696 -0.085214 6.046054 -5.052015 4.536030 -1.618140 1.114981 -5.258453 3.026122 -2.927771 0.441348
-27.653384 12.153060 7.473325 -2.752829 7.546312 -1.009170 3.167567 -1.284418 4.531958 -3.017172 1.491866 -3.107538 0.635457
-32.975666 7.626260 6.323057 -4.134641 3.147831 -5.153301 2.297788 -0.243390 3.584237 -3.437253 3.184700 -1.156073 0.863799
-28.866213 7.699291 -0.414055 -2.189069 7.269509 -6.551381 4.573228 -2.075928 2.002796 -3.370238 1.228910 -2.696115 0.151889
-27.554986 8.378963 4.651358 1.357662 8.066854 -4.691057 1.782165 -2.448152 2.877745 -2.922364 2.653744 -3.509591 0.945195
-32.991057 8.750820 2.933328 -4.324507 8.635546 -3.950252 4.686414 -0.385363 1.588542 -2.030392 4.050029 -0.759006 1.380805
-20.844237 12.352043 1.562164 -4.202450 6.977263 -5.287346 5.243026 -0.143124 1.934418 -1.473779 1.574181 -0.817788 1.256433
-30.193278 3.035347 0.549076 -4.780809 4.229432 -3.883011 1.715804 -3.721391 -0.961857 -3.920629 1.240401 -2.228450 1.370257
-32.226567 4.347450 -0.751768 -8.800167 3.218702 -4.817864 1.251902 -4.145714 0.530806 -1.179656 2.176131 -2.967620 0.811596
-28.668593 12.282125 5.234852 -5.923001 8.969083 -0.078388 2.445260 -4.271501 2.812447 -1.106179 2.105198 -0.933343 1.288920
-33.113469 5.651897 2.323686 -4.862254 4.072495 -3.136239 2.417860 -3.431907 4.046557 -2.440297 2.533308 -3.285335 -0.207508
-38.656841 6.280061 1.039382 -6.108654 2.994608 -7.599912 3.387591 -6.355068 -0.378378 -4.606707 2.260829 -2.169429 -0.506022
-37.289686 6.663122 0.663126 -6.937895 5.679627 -7.636041 3.317083 -2.283399 0.262162 -1.994046 2.495497 -3.007390 1.143240
-36.662368 6.567959 4.951804 -1.766746 6.952773 -3.397911 3.182102 -3.148262 3.976477 -2.405947 3.955949 -1.202694 -0.817473
-22.746885 11.473542 3.784474 -1.127832 6.600217 -1.920383 7.364596 -1.302258 1.510961 -3.659337 3.037976 -2.275345 0.438808
-28.903311 7.124200 -0.311226 -6.572384 3.989715 -4.366325 0.368665 -5.118070 4.169989 -1.750078 2.633887 -2.923889 0.572205
-27.969611 7.729258 1.316213 -6.426939 5.614982 -1.285177 2.427923 -3.840234 3.768071 -0.556712 2.325983 -2.404944 1.472642
-30.165280 10.703361 5.577093 -3.912161 7.340041 -1.508249 4.283136 -3.307152 2.082623 -1.580414 2.951079 -1.934474 0.568210
-35.747222 6.188670 3.764411 -4.858389 5.398985 -3.017424 2.252652 -5.963541 1.097309 -3.035655 1.992314 -0.452538 0.547946
-40.920747 5.069181 5.069730 -5.834389 4.400561 -5.652539 2.887486 -1.651260 2.969541 -1.655172 1.741188 -0.921694 0.133420
-42.232217 1.772001 -2.162085 -7.361762 3.766085 -12.278875 0.310948 -1.852996 -0.027218 -4.521435 0.704580 -2.831971 1.461919
-32.096378 9.962628 4.901917 -4.187385 8.172338 -4.065738 5.366726 0.984334 1.288610 -4.175010 0.599849 -1.705026 0.197795
-26.704649 12.423166 3.158714 -2.515916 9.432316 -3.175441 7.300106 -0.121256 0.964573 -3.248374 2.563887 -2.918483 0.751374
-38.429462 0.061733 -0.807155 -4.917996 7.164068 -5.243478 0.486935 -3.961776 -0.442169 -2.829509 1.125040 -1.686039 -0.458559
-32.711997 5.714129 1.180561 -6.412680 6.080308 -3.454798 0.795401 -4.133757 1.666127 -3.083879 0.916502 -2.384265 0.393237
-30.578254 9.453455 4.572905 -1.864460 9.296766 -2.553240 5.396522 -1.619780 1.189835 -2.623821 3.210165 0.113726 0.309722
-37.871215 7.463793 5.928086 -3.004701 8.651605 -1.645863 6.784297 -2.148613 0.912931 -3.018464 -0.153850 -2.800113 -2.283510
-40.292673 3.516118 0.738029 -6.698120 6.615298 -6.025763 1.588360 -3.311683 0.391071 -2.544902 0.436859 -4.076009 -0.658942
-38.427339 7.207632 1.855183 -10.290616 4.485586 -4.142066 2.475437 -3.228207 1.427161 -2.239438 2.547643 -2.742312 1.329283
-36.432244 4.184519 3.712887 0.802924 9.594780 -5.189033 3.508953 -2.068395 0.649973 -1.519921 3.312513 -1.698171 0.787685
-25.813880 12.258975 6.403689 -4.563534 4.939707 0.266603 7.002638 -2.962484 1.671948 -1.717966 2.387817 -2.168584 0.975313
-33.814487 2.783220 -2.855349 -8.900518 2.975709 -4.092384 1.603714 -6.382669 -0.038609 -4.525711 -1.380099 -3.962352 1.199383
-29.860792 8.742237 1.881161 -7.300216 6.531729 -1.055402 2.942684 -4.379566 2.266395 -1.466433 1.968329 -1.347928 1.726551
-31.963070 9.123479 2.244363 -3.316580 10.717190 -3.813973 4.458014 0.025699 2.640801 -1.566801 2.539543 -2.771662 0.148607
-34.050183 8.901857 3.109635 -4.372424 6.037720 -4.220662 6.128977 -3.627746 1.919247 -2.701012 0.998486 -1.323911 -0.620691
-34.575180 6.982877 2.503676 -3.323007 9.591720 -2.154515 5.328415 -2.457026 0.729360 -2.657950 1.456275 -2.541702 0.194938
-39.302543 4.397831 2.897778 -2.563443 7.960012 -5.090779 3.491985 -1.342790 2.538765 -2.752377 2.407416 -0.994812 2.086318
-37.466859 7.980104 4.029270 -5.071514 6.502764 -1.830206 5.336493 -3.579693 3.015600 -3.876487 2.576369 0.060913 -0.370764
-27.933770 9.892710 3.353088 -4.225405 8.218826 -0.436611 4.738241 -1.716387 2.767469 -2.061644 2.879303 -3.024840 -0.129785
-29.251179 9.276699 1.358435 -6.715944 6.222619 -1.945395 2.533442 -4.493146 5.088754 -1.167719 1.634446 -1.126029 -0.273733
-33.549638 6.622281 4.162117 -7.263323 6.037951 1.147802 4.766830 -0.581206 3.886106 -2.104932 2.595764 -0.440290 -0.418498
-34.477810 8.772226 3.340819 -4.795280 8.609595 -0.598541 5.309483 -2.753063 3.716753 -3.443912 1.451982 -0.464953 -0.282381
-40.674237 5.320814 4.516107 -3.542908 11.761514 -0.815170 2.449236 -4.117577 1.197666 -2.353543 0.292475 -1.592656 0.113762
-37.939259 3.239333 2.535124 -5.602498 3.436104 -3.979881 4.069423 -2.690641 1.852609 -1.990371 3.013098 -0.979480 0.473660
-40.708206 6.583589 3.648067 -7.685557 3.205588 -7.083655 4.703553 -1.465527 -0.035573 -3.681017 2.097000 -2.013223 0.705470
-40.797907 3.942530 3.552120 -0.016464 8.541553 -1.502185 7.105357 -3.116847 1.456327 -4.906460 2.012070 -2.873165 1.287510
-30.675009 9.833587 3.395892 -5.661665 7.023557 -1.678730 4.906789 -0.766387 3.404756 -2.241341 2.699510 -2.143414 2.330265
-34.231523 6.898008 3.584438 -7.492944 7.420885 2.803128 5.692265 -1.690223 1.606975 -3.003406 2.411472 -2.443382 0.690304
-31.555140 9.702972 2.585903 -5.612486 7.908583 -1.232947 4.957741 -3.336130 2.304440 -2.559035 2.109038 -1.657967 0.561806
-35.819142 8.757219 2.399904 -4.241244 10.947143 -0.668234 3.585471 -4.835956 4.026556 -2.010198 2.036667 -0.836524 0.244340
-37.586143 8.417101 1.129568 -7.382744 7.265320 -5.986977 1.809744 -3.617528 3.057099 -3.265930 1.117407 -1.688710 -0.161518
-38.701927 6.257857 2.256208 -3.577707 8.003713 -4.222658 1.787279 -6.294205 4.123952 -0.645620 2.535038 -1.193581 1.047855
-41.124177 2.618717 2.209538 -2.688296 7.485764 -6.515337 2.573850 -2.748003 1.911096 -0.793288 1.675099 -2.397773 1.174096
-36.042595 8.070182 2.474048 -5.726241 8.789487 -3.336987 3.411488 -1.898419 3.346635 -1.172244 2.138616 -2.868299 0.367323
-34.697342 8.074779 2.133237 -5.505541 9.102826 -5.518268 2.606689 -3.135568 1.966391 1.253638 1.874130 -1.103314 0.418962
-34.113650 11.904750 1.632997 -6.097890 13.770328 1.668224 6.834403 -3.621431 2.464759 -2.581427 -0.581338 -2.950526 1.250030
-37.429942 6.683003 5.807240 -1.807935 10.096759 0.028482 2.627863 -3.083748 4.101873 -3.701438 1.081564 -3.197456 -0.890839
-38.560431 7.544419 2.465267 -7.426964 10.141910 2.124595 4.907677 -3.332455 4.429839 -2.600377 0.571871 -1.603987 0.042681
-36.250283 5.084721 1.241094 -6.644278 5.635401 -3.319975 2.832740 -3.228584 2.011008 -2.710193 1.788356 -2.781815 0.580896
-43.391200 3.047301 4.647310 -0.238155 11.186516 -0.660475 5.311417 -3.335425 1.298134 -3.021667 1.157489 -3.053463 0.553396
-35.749908 6.446028 2.594477 -8.906500 6.066308 -4.244856 0.524272 -3.968991 1.330668 -0.065392 0.373012 -2.104610 0.959828
-38.729959 6.439447 4.143082 -4.587321 8.981926 -3.776860 4.299770 -2.098927 0.701479 -1.744141 1.701035 -0.001834 -0.321591
-35.445634 6.841299 1.696749 -7.617313 5.122233 -5.389035 2.365658 -3.424661 1.667269 -2.905030 0.187062 -1.524475 0.032127
-25.848680 11.804384 3.661249 -4.181021 6.594601 -2.838683 6.625866 -0.292221 1.663129 -2.570888 2.756430 -2.517424 1.081220
-34.463380 6.860649 -1.470301 -4.804710 11.983403 -1.018309 6.991132 -1.657321 0.310675 -3.525323 0.599604 -4.596106 0.575041
-33.317623 6.222382 2.694301 -3.306758 8.106393 -0.819425 4.179405 -3.212854 2.813687 -2.228484 2.316473 -1.974042 0.738643
-42.792403 3.743530 4.922127 -3.095373 7.947857 -1.747007 3.834567 -3.302147 1.863804 -3.494548 1.821053 -1.620873 1.555726
-36.725631 7.294230 5.834452 -2.166859 8.011223 -3.078692 2.927951 -4.496186 2.005883 -1.966916 1.770920 -1.335004 0.924773
-43.856951 2.404741 2.461819 -5.084858 7.023394 -2.826184 2.984441 -3.923172 1.845488 -3.210827 0.962947 -3.748311 0.097375
-37.267803 8.233032 5.014578 -4.940414 5.939723 -3.779561 2.741730 -3.291485 5.183938 -1.610309 2.440573 -1.010030 -0.716747
-43.042759 1.891252 2.405283 -5.951779 5.240776 -3.862010 3.578653 -3.728504 -0.013695 -3.467123 -0.030587 -3.811423 0.196774
-32.882110 12.817075 8.047892 -5.764694 5.843338 -1.902819 5.180950 -1.069416 3.659605 -2.708798 2.006535 -1.639798 1.590475
-33.416622 6.778640 0.874472 -7.693038 6.462163 -2.517676 1.808195 -4.869094 1.815529 -2.417673 1.285548 -1.327295 0.752732
-35.055360 7.335025 4.081948 -5.913158 7.370030 -0.600017 3.299441 -2.619962 3.563815 -1.270918 2.757276 -1.458237 1.232002
-41.366862 7.622490 6.708509 -4.177573 6.149374 -3.431033 7.410385 -3.283880 -0.170874 -2.450801 1.414005 -1.052876 0.351438
-35.921060 7.004767 3.250842 -5.869721 8.122587 -1.987064 1.997654 -2.883418 3.843656 -1.681983 1.460265 -2.127262 0.354370
-42.362771 2.428031 1.205490 -3.705632 8.063456 -5.260627 3.326354 -1.837634 2.499468 -2.729494 1.423791 -2.803421 -0.707773
-43.318046 3.113432 6.746885 -0.994656 6.001315 -3.128009 4.955507 -2.227581 2.087513 -2.566433 3.467961 -1.912625 1.064326
-38.699911 2.691203 4.373029 -4.678253 1.097182 -5.461870 3.713677 -1.544756 2.849269 -2.700205 2.435883 -1.627677 0.033096
-29.970566 10.355255 4.619341 -3.623568 9.596445 -1.523443 4.515127 -1.650876 2.901247 -2.008775 0.221211 -1.768719 0.689694
-37.595931 2.599193 -1.306040 -8.267656 5.134310 -3.796094 0.561802 -6.131689 0.951675 -2.996588 0.137690 -2.632241 1.219857
-37.440424 7.269984 0.253299 -7.332883 8.052489 -2.824389 4.564776 -1.668793 4.326925 -1.127032 3.843915 -1.539848 1.191536
-40.873559 7.082674 5.701305 -5.606991 6.479750 1.011845 6.860986 -3.473882 1.764655 -3.515268 2.118184 -3.555070 0.893081
-44.851091 3.817670 3.690514 -5.558513 7.355053 -0.546175 4.995588 -4.602205 1.683760 -4.183284 0.782801 -2.084572 0.038581
-46.522386 3.770573 4.701180 -1.325749 11.045864 -2.096188 4.151360 -4.408631 2.120257 -2.601803 1.201674 -3.388923 0.106563
-41.089695 3.906090 5.198714 -1.728136 7.989557 -1.177176 3.542784 -3.896981 2.551215 -3.404755 1.548638 -2.850039 1.800694
-41.753205 4.090016 4.689792 -5.466190 5.632615 -0.865307 6.566790 -1.864262 1.703098 -4.037372 0.437426 -1.940035 -0.347873
-29.061765 11.425914 2.173309 -4.476930 9.327685 -2.578282 6.030462 -2.428287 1.896535 -1.718458 1.865577 -2.011208 0.441818
-40.733206 4.735824 -1.083012 -8.360666 9.715586 -2.001272 4.589969 -2.986025 2.348714 -1.269657 0.314375 -2.236132 0.545213
-40.323797 6.721530 4.130255 -4.951764 7.417381 -2.675084 4.979094 -3.316793 2.956202 -2.365251 1.008843 -0.756750 1.503266
-41.039570 6.474269 4.201839 -2.110065 9.356482 -0.625296 5.413645 -4.750821 4.498478 -2.325229 1.009133 -3.681044 0.144871
-44.478178 3.349294 4.274582 -4.261516 6.097642 -5.234446 1.985943 -5.070123 0.430689 -3.020174 2.270621 -1.558572 0.389641
-43.972927 4.849846 4.055860 -2.126656 8.223246 -5.687738 5.482284 -1.550021 3.227750 -2.146144 0.827167 -2.413450 0.655543
-52.996524 4.086400 5.929760 -2.704409 5.303338 -7.264108 6.471009 -3.525833 2.775521 -2.983578 3.072191 -1.019817 0.964581
-41.268266 3.966280 5.471102 -6.512111 4.801370 -0.470076 5.392114 -1.631887 2.403041 -3.120265 1.817521 -0.298782 -0.972055
-36.048392 6.571616 4.290416 -3.769469 9.629709 0.790914 3.011633 -3.737813 3.666038 -2.635735 1.652401 -1.589967 -0.206508
-41.543223 5.772312 5.551488 -5.811979 7.087223 -0.079944 4.676521 -4.324124 2.507935 -1.299188 1.224689 -1.812389 0.596134
-40.432715 5.162450 2.311705 -7.539558 6.775790 -1.425712 4.094015 -1.818099 4.792149 -1.353605 2.833914 -0.797837 0.471483
-40.259677 5.112437 3.560963 -2.880160 9.328884 -0.247874 6.657235 -3.585314 1.732030 -2.583288 1.082820 -2.414386 0.692701
-48.526148 -2.282354 -1.580724 -10.815456 -1.655695 -8.258575 2.409497 -7.777410 -2.343140 -4.732073 -0.523045 -1.915981 -0.108801
-41.181879 5.166862 5.385058 -4.026181 4.556792 -2.096530 5.053179 -3.155578 3.194493 -3.401318 3.520116 -1.552669 0.636190
-50.261699 0.606579 3.410264 -8.536757 2.882730 -4.400224 -0.069517 -4.188608 3.449904 -5.769374 2.633959 0.077535 -0.132149
-40.889826 5.306007 4.619988 -5.015073 6.739241 -2.120483 4.128473 -1.605177 3.352534 -2.740015 1.737230 -2.432053 2.442370
-40.486852 4.712558 6.189507 -5.335153 4.097530 -4.093424 2.262889 -3.967340 1.692163 -2.416738 1.481791 0.206754 0.344634
-35.408688 5.931654 3.557554 -3.146152 11.088923 0.786949 3.046249 -3.084030 3.377392 -1.916024 0.720618 -2.612264 0.089860
-38.071733 0.120634 4.309845 -0.533928 4.538346 -4.595962 2.776381 -2.161010 2.922071 -1.750593 0.810816 -1.458296 0.412557
-35.616081 5.647506 2.530010 -2.895200 6.216235 -3.996226 5.021813 -3.216045 4.153656 -0.297548 2.194443 -0.644397 1.128918
-44.019935 2.506973 6.011167 -3.389635 4.524849 -5.885924 1.978913 -4.288574 1.949001 -0.346974 0.830871 -2.412308 1.466785
-40.757360 5.135114 5.718231 -6.393618 3.250445 -2.248732 7.107628 -1.975012 2.639551 -0.732078 1.287523 -1.015916 0.399905
-52.383487 0.887112 -0.459522 -12.867224 -0.141436 -11.274537 0.828358 -5.284775 -1.582995 -5.139866 0.127468 -2.470074 0.695040
-40.634657 8.565686 5.710423 -4.251478 6.902086 -5.544868 4.892538 -1.686229 2.294516 -2.899800 1.830425 -1.903776 0.746892
-38.087319 0.409636 0.085453 -3.581513 3.219503 -9.267547 1.970380 -3.796891 -1.032520 -2.132696 1.564140 -2.283718 0.351635
-27.493113 8.863715 2.999251 -2.243831 6.042382 -5.904740 4.748740 -0.113709 2.334720 -2.094369 2.622034 -1.615900 0.662065
-37.423968 2.110172 -0.528045 -1.791625 7.002446 -9.790924 5.995213 -1.006791 -0.668327 -0.575236 -0.345995 -1.962946 -0.030774
-34.425335 2.352874 1.424767 0.765832 7.622686 -5.838079 6.881410 -1.058735 0.278217 -0.988384 1.076461 -2.486780 -0.997255
-40.612846 2.022407 5.479920 -2.891459 4.989837 -5.086957 4.037218 0.330802 2.511501 -1.481445 1.223586 -1.282690 0.220023
-36.391759 8.637791 6.535406 -5.068185 4.546645 -3.816160 4.875288 -3.116622 0.985327 -1.822762 2.139940 -2.144797 1.037284
-37.488941 4.751916 3.127082 -3.663544 4.357753 -6.336916 4.087188 -3.435147 0.769697 -1.423250 1.839320 -2.772090 1.449798
-40.128650 5.580112 7.170366 -1.593872 4.818809 -4.158432 3.993466 -3.737449 3.240023 -1.318814 2.241911 -2.888613 0.456556
-47.721747 -5.002351 -2.548008 -5.332319 3.614470 -6.022970 3.541770 -4.210422 -1.564211 -6.456915 -0.870624 -4.511440 -0.831433
-33.497038 5.766755 6.177103 1.658906 7.013995 -4.546725 6.070665 -1.254517 0.095554 -2.714761 1.607685 -2.224914 2.322609
-46.472246 0.596878 3.412851 -4.327398 1.100936 -7.679063 3.720845 -3.704689 2.174642 -5.025676 -0.337310 -2.135108 -0.247120
-46.042019 0.893816 5.913999 -1.088811 5.498710 -5.175624 3.985460 -2.796326 2.926616 0.762508 3.888999 -1.942237 0.251343
-41.813405 2.138341 6.543465 -0.473346 9.236790 -1.187075 4.663387 -2.000195 0.305715 -2.801652 0.324001 -2.839662 -0.076892
-43.279080 0.261481 5.884238 -0.215036 4.400736 -7.107034 4.809909 0.003854 1.132249 -1.425406 2.010234 -0.720797 3.737509
-42.574297 3.736433 4.449375 -2.482915 3.276868 -5.288270 5.709125 -5.300792 0.883091 -2.083268 3.094120 -2.465235 1.291171
-42.929877 2.288711 1.564522 -2.304219 8.235259 -5.771438 5.447807 -2.837175 0.848011 -1.598468 0.903819 -2.572985 -0.815536
-41.032687 3.991501 8.878992 -1.442744 3.497100 -3.823771 4.738878 -3.810860 0.597771 -1.504742 1.301056 -1.808598 2.141431
-38.725505 1.135235 3.139191 0.148996 5.075729 -7.651452 3.315769 -2.860684 0.948851 -1.604152 1.936503 -1.120417 1.422799
-46.589155 3.248397 10.537488 -2.205660 4.632413 -0.945804 7.123745 -2.727086 1.791079 -2.307731 -0.973598 -1.421900 0.995198
-43.526750 0.326589 2.709099 -4.016236 4.002450 -7.989450 3.745489 -0.235031 -0.215756 -2.474300 2.247050 -2.954789 0.764422
-47.208066 3.380369 10.362336 -1.618216 6.259070 -3.401028 3.523671 -0.761047 3.276837 -3.794298 1.208699 0.598963 -0.065107
-45.849477 1.070392 4.423328 -2.966943 5.156228 -5.158366 5.223185 -2.238686 0.726724 -1.843095 3.129147 -0.890238 1.006996
-42.098249 4.175735 8.710412 -1.452019 4.116757 -5.125395 3.664338 -2.283186 3.788000 -1.445209 0.395113 -1.137310 0.195459
-53.445401 -1.352782 4.423138 -7.598458 3.588780 -7.492562 3.459587 0.680310 1.498334 -1.622265 1.671149 -0.771973 0.960030
-33.948732 5.281455 5.124243 -4.558312 2.117537 -5.343847 4.311635 -1.391311 -0.683011 -3.544775 1.501426 -2.665457 1.057196
-40.936088 2.046981 3.119265 -5.615280 2.769934 -7.902771 3.981571 2.644304 2.317864 -2.635156 2.576939 -1.805176 1.250427
-35.684861 5.585421 6.442135 -3.902514 0.572161 -7.977050 4.059023 -0.872171 0.342580 -3.052879 1.522908 -1.922661 1.506464
-48.078999 0.897748 4.207571 -6.508920 0.698809 -6.931186 4.717866 -3.242365 0.127054 -1.777808 4.120750 -1.323079 0.653204
-39.244553 3.549186 6.655671 -2.639941 0.751438 -7.102893 4.552298 -1.955022 0.967904 -1.987648 2.417997 -2.213813 1.156156
-44.269960 5.242673 9.210794 -3.346285 2.978869 -5.614593 4.650488 -2.709948 2.852467 -1.628186 0.489379 -1.161416 -0.808183
-45.259016 3.395608 7.058770 -1.787075 6.536788 -2.472768 6.300797 -2.412302 0.969523 -3.189420 1.863820 -2.629811 0.112668
-42.781769 4.328502 6.189358 -3.090847 7.221818 -4.428765 3.788517 -1.076215 1.057056 -1.538890 2.649794 -3.500459 0.883859
-47.729133 1.217104 6.536696 -4.065994 3.152837 -4.801023 3.778815 -2.850742 2.231715 -2.019825 3.032872 -0.516001 0.474211
-50.865985 3.622044 8.301567 -3.713720 7.629154 -2.398955 7.952015 -3.357941 -1.624652 -1.970808 0.713075 -1.542658 -0.228906
-50.100444 1.110750 3.594531 -3.868386 3.827565 -8.424424 6.000120 -3.894598 -0.565572 -3.491844 0.026240 -1.461259 -0.089048
-54.042459 -1.226003 7.521585 -2.636660 5.799874 -3.653598 3.967228 -1.697010 0.766347 -4.458734 1.242457 -3.508081 0.091821
-51.044754 -5.622683 0.815294 -5.053806 0.882581 -11.795134 -2.123094 -5.995088 -1.370086 -3.226976 0.116959 -3.163037 0.239694
-48.400376 -1.217348 4.682683 -4.376623 4.214138 -2.618520 3.865732 -2.732089 2.867942 -1.234300 3.802589 -0.337792 1.071568
-50.850541 1.896234 9.779601 -2.378887 1.539992 -6.619640 3.474032 -3.285093 1.669604 -3.469721 2.780362 -2.239633 -0.705820
-52.602743 -0.504393 7.253544 2.735290 9.715963 -5.352328 4.854444 -2.174520 0.117276 -3.956649 1.602368 -1.994970 2.330498
-50.155457 -0.586967 4.181591 -3.063108 5.460408 -6.222023 3.847667 -4.168092 -0.713805 -3.025143 1.627655 -1.475903 0.336868
-50.335188 2.654203 7.523721 -3.852968 6.929170 -3.910118 4.025615 -2.183437 1.966920 -2.383579 1.136696 -1.010888 1.743688
-52.877608 -2.320390 3.972087 -3.453697 7.924631 -6.681773 3.442837 -0.117284 -1.273503 -2.307970 2.334049 -2.629282 0.603114
-43.669788 2.638077 5.665508 -2.558259 5.208647 -5.173181 2.173166 -2.982901 3.937510 -1.395206 1.956704 -2.112783 0.017260
-52.636020 0.059958 2.144027 -3.427958 4.848588 -6.586291 5.238649 -4.007103 1.952195 -4.407712 2.745039 -1.985222 1.599200
-45.151160 5.752724 6.938208 -4.380707 6.199044 -4.846685 3.036718 -4.291303 1.909194 -2.368332 0.397823 -1.482073 1.463569
-51.792735 0.665667 8.115597 -2.194197 2.955155 -9.992837 0.405341 -3.522602 1.956067 -3.039643 0.955313 -1.651861 -0.928881
-47.796400 3.257865 7.452366 -7.121812 3.510675 -2.060855 5.315027 -2.103498 1.458399 -1.991972 1.526976 -2.743776 0.890806
-62.665135 -6.774433 1.591902 -6.333578 3.867230 -5.751950 3.950665 -3.644438 1.619917 -2.952830 3.113420 0.175752 2.103905
-49.082404 1.030198 6.043804 -1.262986 5.328941 -5.990680 5.645454 -3.730920 2.234889 -2.061796 0.175471 0.698858 0.361523
-53.657786 -1.742538 6.255408 -3.159759 3.344755 -7.041037 1.034807 -3.242236 3.386556 -3.125779 1.346844 -1.700300 1.072108
-56.406592 0.026177 8.561804 -2.757214 6.536436 -3.060154 5.536498 -1.671332 2.255237 -4.462294 -0.216990 -2.155545 -0.117330
-56.065844 1.586873 10.794588 -2.783182 3.084690 -4.785777 3.300648 -2.979259 3.580299 -5.922897 2.034924 0.270799 -0.284636
-53.829167 2.438153 6.438863 -3.357777 7.330431 -4.939477 5.016708 -4.414426 0.513255 -1.831983 3.579060 -0.777276 0.890010
-54.859934 2.344648 5.942451 -1.222406 10.301513 -4.289484 4.813841 -3.620213 3.176594 -3.121657 0.310391 -3.426205 0.033011
-52.510544 3.781837 12.526295 -6.003596 1.394360 -4.063663 3.041212 -2.010839 2.854037 -4.109021 0.422179 -1.143555 0.753085
-50.189407 2.814793 6.640255 -4.905390 8.010267 -1.778577 5.292805 -2.470437 1.868944 -3.681231 -1.618463 -1.890654 0.395454
-49.941592 0.915663 3.691465 -4.264218 3.860860 -5.155405 4.299201 -4.949797 1.873232 -3.283710 2.200539 -2.776107 0.928284
-57.486196 -1.753501 8.532344 -1.666304 7.119201 -4.731694 3.904332 -2.899265 -0.039198 -2.523458 1.238710 -1.730291 0.940137
-58.668058 -2.970545 6.262577 -7.186728 -0.404227 -8.770142 0.656769 -4.029683 1.937598 -4.532380 0.483540 -0.988213 -0.445012
-48.351337 0.264317 5.423553 -4.199725 4.878467 -3.830928 4.596847 -3.593827 2.154872 -1.819335 -0.775713 -0.726308 -0.161306
-53.644584 -0.349451 7.517912 -5.595390 1.466342 -5.773104 1.716972 -3.829016 2.919835 -2.512816 1.581749 -2.671968 0.361391
-47.679093 0.824183 7.445917 -2.357756 4.773273 -5.321939 3.505416 -1.123655 1.366090 -2.887657 1.516872 -2.400591 0.148444
-55.438428 -3.369675 6.774839 -3.433179 2.853155 -5.126072 2.247979 -6.417094 0.123428 -2.099175 2.512301 -0.112305 -0.500430
-46.896509 2.025906 5.340745 -4.277068 6.301869 -4.232825 3.955159 -1.514558 2.444056 -1.946500 1.446091 -1.176400 1.319346
-54.072113 -1.374336 4.825869 -5.981192 3.308947 -7.242224 0.957718 -5.397660 0.829876 -3.036220 0.078234 -1.059716 0.360761
-50.808016 2.811730 7.458419 -3.111729 5.800899 -4.350864 4.773945 -0.926561 2.196841 -5.390322 1.928228 -2.609711 0.645989
-55.821809 -3.569644 -1.065813 -8.385856 2.016488 -9.372324 1.476519 -3.552962 1.815146 -4.998096 1.279898 -3.305103 0.020927
-47.478199 3.958033 7.951768 -3.478546 6.652846 -4.058012 2.114686 -4.104099 2.081120 -2.684840 1.567623 -0.798980 -0.139432
-61.357275 -5.948794 0.540669 -9.340575 0.975870 -10.178484 0.629370 -6.025706 -2.361428 -5.014710 0.342585 -3.120338 -0.416944
-51.686458 0.419318 10.495312 0.028923 5.795056 -5.456259 1.532165 -1.308057 3.082549 -3.598990 1.399331 -1.221365 2.058691
-60.653415 -5.689472 4.731393 -6.151895 3.745931 -4.635195 -0.783967 -3.793574 3.374236 -5.785025 1.190302 -0.983058 0.081095
-50.262184 2.594629 5.485073 -3.315994 6.648849 -5.218249 3.630571 -2.942156 3.170303 -2.401331 2.244190 -2.112253 1.759566
-55.142755 -0.464518 3.534355 -4.365543 5.046734 -7.040017 3.065689 -3.947318 3.901823 -2.531617 1.700752 -1.422874 0.708497
-54.458159 2.731778 7.596278 -4.774602 6.211441 -7.203267 5.139197 -1.153687 0.610541 -1.761857 1.792324 -1.311636 -0.447252
-54.540621 1.777187 7.741148 -6.781212 1.339797 -3.856632 5.662113 -2.841272 1.406895 -4.331951 3.396585 -2.665693 0.335971
-52.711750 2.675835 9.705971 -4.473133 2.846613 -3.456648 5.327690 -3.164504 1.374292 -4.126159 2.925834 -0.731048 0.361196
-55.227743 -1.934615 3.375866 -6.739683 1.644749 -5.517478 5.587918 -4.114658 1.249787 -2.311136 1.562859 -3.263797 0.716100
-50.595407 -0.235355 3.838732 -5.135576 4.211226 -6.289353 3.527435 -3.449907 2.250064 -1.613495 1.680906 -0.146515 0.356517
-55.403588 -0.047574 6.611847 -3.758995 4.833891 -3.888202 3.675098 -4.801979 3.653391 -2.293745 1.465037 -2.708309 -0.034178
-53.631454 -0.570150 7.873516 -1.665925 6.103810 -3.705799 4.471538 -3.539368 0.138072 -3.633624 1.915511 -1.508865 0.758570
-50.554933 -1.319852 3.519422 -5.752401 2.411288 -6.725782 2.610594 -4.663718 1.299839 -2.744477 0.103921 -1.840292 -0.303270
-52.395482 1.446583 6.505709 -6.148032 2.731822 -5.249558 2.645120 -4.813091 2.016398 -4.485834 0.954078 -0.531784 -0.314257
-50.498989 1.712793 10.140360 -2.893368 0.962395 -5.399226 5.680705 -1.251970 1.753920 -4.662178 0.886941 -1.969054 0.598481
-56.240475 -0.114932 7.676960 -2.684126 8.191687 -3.501269 2.258669 -4.281994 1.965782 -3.412675 0.509733 -2.291341 -0.449485
-58.813104 -4.182726 4.355269 -4.681306 7.326416 0.804051 4.964004 -4.051590 3.452926 -4.680318 -1.474337 -2.840678 1.054907
-53.693844 -0.786883 2.705057 -7.316643 2.279903 -7.118259 3.341825 -4.016658 2.148041 -3.937430 1.429406 -0.469084 -0.936863
-46.433431 1.707639 7.337902 -3.217111 3.157809 -4.460562 4.647194 -2.587374 1.715879 -3.387274 0.618066 -1.322114 0.277400
-54.964645 -0.333081 8.782363 -2.379461 4.385515 -5.089161 0.897306 -5.169697 3.121768 -2.816655 1.260446 -2.585427 0.666872
-53.985837 -2.783948 4.759441 -0.960260 6.915951 -4.142587 2.828723 -4.705238 1.552330 -3.817259 2.227390 -2.072069 -0.014741
-60.826227 -1.838953 4.405048 -4.433512 6.406695 -5.721134 3.418572 -4.291417 1.870225 -4.067336 2.434217 -2.257277 0.193435
-54.987710 0.204006 6.643528 -3.821567 7.522315 -2.015031 2.974388 -6.163234 0.885549 -3.489461 1.277817 -1.120745 1.611906
-61.519290 -5.263639 5.439513 -3.297902 4.796273 -6.020807 -0.443200 -5.010312 3.879699 -3.480576 2.366448 -0.681221 1.270229
-56.172487 0.154946 5.754526 -4.405127 5.153685 -3.120996 6.805152 -4.401494 1.716951 -3.137930 1.006350 -2.240381 0.521926
-57.878635 -7.387382 -0.512480 -8.196664 -1.264901 -8.457301 2.851697 -5.680473 0.413620 -4.154220 0.078176 -1.967788 0.278908
-55.113898 -0.617241 6.928065 -1.213865 6.130323 -3.791941 3.915024 -5.279870 1.369630 -5.097879 1.941927 -0.613015 0.991709
-62.357459 -7.039161 3.571332 -8.238653 -1.407822 -9.983098 -0.318389 -6.781135 -3.222727 -6.009134 0.636572 -2.015896 1.014281
-58.743131 -1.233006 7.149219 -3.994091 3.637937 -5.566601 4.149736 -3.357260 2.560675 -3.345988 2.650300 -1.938698 -0.636125
-55.657592 -4.574558 4.816323 -4.513581 1.652802 -7.340637 1.414998 -3.871971 0.652346 -4.887698 0.116903 -2.020967 0.766596
-54.772983 0.463973 4.234455 -4.363522 3.353150 -7.968706 6.912573 -1.660187 1.763274 -4.270184 1.169666 -1.693196 0.393225
-60.348665 -5.930561 1.330725 -11.549186 -0.184597 -5.879833 0.194367 -5.108184 1.172895 -4.268753 0.823962 -3.475056 1.775398
-50.534448 0.114589 7.159833 -3.911136 0.536226 -6.254688 4.458988 -2.821465 3.359054 -3.634991 0.804479 -0.338303 -0.185230
-64.409525 -6.367628 2.721283 -10.185034 -2.812273 -8.846554 2.228759 -6.239637 0.112562 -4.284170 0.337576 -3.858927 0.197102
-55.407363 -1.634718 5.449518 -5.997813 6.735531 -0.790911 3.704114 -2.072078 1.466367 -6.475558 0.401499 -2.344560 -1.042540
-61.544285 -6.073854 4.939817 -5.502427 3.283600 -7.975257 -0.919607 -5.599879 0.532593 -2.311100 1.345387 -1.851427 0.071776
-56.030135 -0.093701 7.272074 -4.772544 3.670619 -4.292870 3.162665 -3.661783 3.646376 -4.482756 -0.573351 -3.073556 1.106658
-59.763750 -5.445843 1.581931 -8.855957 0.823729 -8.195334 2.990576 -3.429133 2.215374 -2.569416 -0.714030 -1.372252 1.204187
-56.349262 -2.906001 6.992396 -3.522348 4.609438 -3.508645 3.839334 -3.751930 1.243475 -4.066518 -0.132340 -1.487591 -0.239629
-59.256327 -2.916006 5.935456 -5.221001 3.837189 -7.462316 2.946696 -2.124197 0.849469 -2.892052 1.667686 -2.512948 -0.695754
-53.473814 -0.548989 7.444207 -4.448855 3.593282 -5.460291 2.705264 -1.324603 2.103967 -5.241890 -0.068091 -2.131585 0.899033
-55.459817 -1.182071 6.621293 -5.484725 1.513947 -4.821631 4.056127 -3.863582 1.532110 -5.412464 1.019299 -1.410077 0.066203
-59.056848 -4.197952 4.920276 -6.348203 3.799404 -3.400028 -0.464413 -4.875965 5.147863 -3.428645 3.109601 0.011388 -0.146490
-57.818006 -3.170471 2.085970 -7.732878 2.518144 -5.421975 4.772139 -4.055033 1.809517 -3.254654 1.087028 -2.316741 0.603189
-56.520716 -1.932117 4.900922 -3.996353 3.496546 -7.537134 1.034533 -6.343381 1.260905 -2.454828 2.358765 -3.608333 0.085749
